0 0.5441176470588235 0.4702272727272727 0.7988235294117647 0.015
0 0.5411764705882353 0.4859090909090909 0.8023529411764706 0.016363636363636365
0 0.5411764705882353 0.5009090909090909 0.8023529411764706 0.013636363636363636
0 0.5461764705882353 0.5159090909090909 0.7923529411764706 0.016363636363636365
0 0.548235294117647 0.5304545454545454 0.7964705882352942 0.012727272727272728
0 0.548235294117647 0.5463636363636364 0.7964705882352942 0.019090909090909092
0 0.5467647058823529 0.5618181818181818 0.7935294117647059 0.011818181818181818
0 0.5464705882352942 0.5756818181818182 0.7941176470588235 0.015909090909090907
0 0.5464705882352942 0.6065909090909091 0.7952941176470588 0.015
0 0.7423529411764705 0.6215909090909091 0.40352941176470586 0.015
0 0.7426470588235294 0.6359090909090909 0.4041176470588235 0.012727272727272728
0 0.7432352941176471 0.6502272727272728 0.40176470588235297 0.015909090909090907
0 0.741764705882353 0.6647727272727273 0.3988235294117647 0.013181818181818182
0 0.7438235294117647 0.6806818181818182 0.39588235294117646 0.018636363636363635
0 0.34058823529411764 0.6222727272727273 0.37411764705882355 0.016363636363636365
0 0.3391176470588235 0.6372727272727273 0.3735294117647059 0.011818181818181818
0 0.34088235294117647 0.6518181818181819 0.3770588235294118 0.012727272727272728
0 0.34058823529411764 0.6670454545454545 0.3729411764705882 0.012272727272727272
0 0.33852941176470586 0.6811363636363637 0.3770588235294118 0.013181818181818182
0 0.5435294117647059 0.7125 0.7952941176470588 0.010454545454545454
0 0.5435294117647059 0.7275 0.7976470588235294 0.017727272727272727
0 0.5420588235294118 0.7434090909090909 0.8005882352941176 0.014090909090909091
0 0.5447058823529412 0.7581818181818182 0.8058823529411765 0.015454545454545455
0 0.5402941176470588 0.7745454545454545 0.8147058823529412 0.017272727272727273
0 0.5397058823529411 0.7897727272727273 0.8005882352941176 0.014090909090909091
0 0.543235294117647 0.8031818181818182 0.8052941176470588 0.011818181818181818
0 0.5447058823529412 0.8193181818181818 0.7976470588235294 0.014090909090909091
0 0.545 0.831590909090909 0.8041176470588235 0.01681818181818182
