0 0.543235294117647 0.4681818181818182 0.8017647058823529 0.015454545454545455
0 0.5423529411764706 0.485 0.8047058823529412 0.01818181818181818
0 0.5611764705882353 0.5038636363636364 0.7705882352941177 0.012272727272727272
0 0.5444117647058824 0.8336363636363636 0.798235294117647 0.015454545454545455
0 0.545 0.6045454545454545 0.7947058823529412 0.014545454545454545
0 0.5420588235294118 0.515 0.8005882352941176 0.014545454545454545
0 0.5455882352941176 0.5318181818181819 0.7994117647058824 0.01090909090909091
0 0.54 0.5461363636363636 0.788235294117647 0.017727272727272727
0 0.5379411764705883 0.5611363636363637 0.7958823529411765 0.014090909090909091
0 0.5391176470588235 0.5754545454545454 0.798235294117647 0.014545454545454545
0 0.4726470588235294 0.5911363636363637 0.6558823529411765 0.008636363636363636
0 0.5461764705882353 0.7131818181818181 0.798235294117647 0.014545454545454545
0 0.5473529411764706 0.7279545454545454 0.7970588235294118 0.014090909090909091
0 0.5473529411764706 0.7420454545454546 0.7970588235294118 0.014090909090909091
0 0.5461764705882353 0.7556818181818182 0.7994117647058824 0.013181818181818182
0 0.5461764705882353 0.7706818181818181 0.7994117647058824 0.01681818181818182
0 0.5452941176470588 0.7877272727272727 0.8011764705882353 0.017272727272727273
0 0.5452941176470588 0.803409090909091 0.8011764705882353 0.014090909090909091
0 0.36676470588235294 0.8161363636363637 0.4441176470588235 0.013181818181818182
0 0.3388235294117647 0.6211363636363636 0.38588235294117645 0.01681818181818182
0 0.34 0.6375 0.38235294117647056 0.015
0 0.3388235294117647 0.6520454545454546 0.3847058823529412 0.014090909090909091
0 0.3382352941176471 0.6668181818181819 0.3835294117647059 0.015454545454545455
0 0.33852941176470586 0.6815909090909091 0.38176470588235295 0.014090909090909091
0 0.7411764705882353 0.6206818181818182 0.4023529411764706 0.015909090909090907
0 0.7385294117647059 0.6365909090909091 0.3947058823529412 0.013181818181818182
0 0.7394117647058823 0.6509090909090909 0.39647058823529413 0.015454545454545455
0 0.7394117647058823 0.6654545454545454 0.3952941176470588 0.013636363636363636
0 0.7408823529411764 0.6793181818181818 0.39588235294117646 0.014090909090909091
