0 0.5470588235294118 0.4697727272727273 0.7976470588235294 0.015
0 0.5476470588235294 0.4843181818181818 0.7964705882352942 0.014090909090909091
0 0.5479411764705883 0.4990909090909091 0.7970588235294118 0.015454545454545455
0 0.5488235294117647 0.5145454545454545 0.7952941176470588 0.015454545454545455
0 0.5491176470588235 0.53 0.7958823529411765 0.015454545454545455
0 0.5505882352941176 0.5447727272727273 0.7929411764705883 0.014090909090909091
0 0.5505882352941176 0.5597727272727273 0.7929411764705883 0.015909090909090907
0 0.548235294117647 0.575 0.7976470588235294 0.014545454545454545
0 0.4861764705882353 0.5911363636363637 0.6735294117647059 0.017727272727272727
0 0.5444117647058824 0.6056818181818182 0.7923529411764706 0.014090909090909091
0 0.7438235294117647 0.6213636363636363 0.3911764705882353 0.017272727272727273
0 0.7444117647058823 0.6361363636363636 0.39235294117647057 0.012272727272727272
0 0.7441176470588236 0.6513636363636364 0.3905882352941176 0.01818181818181818
0 0.745 0.6672727272727272 0.39235294117647057 0.013636363636363636
0 0.7447058823529412 0.6827272727272727 0.39294117647058824 0.017272727272727273
0 0.3382352941176471 0.6197727272727273 0.3811764705882353 0.01681818181818182
0 0.33941176470588236 0.6361363636363636 0.3788235294117647 0.015909090909090907
0 0.3388235294117647 0.6511363636363636 0.3776470588235294 0.014090909090909091
0 0.3361764705882353 0.6670454545454545 0.3770588235294118 0.015
0 0.33794117647058824 0.6829545454545455 0.38058823529411767 0.01681818181818182
0 0.5455882352941176 0.7120454545454545 0.7958823529411765 0.01681818181818182
0 0.5467647058823529 0.7281818181818182 0.7935294117647059 0.012727272727272728
0 0.5467647058823529 0.7422727272727273 0.7947058823529412 0.015454545454545455
0 0.5461764705882353 0.7572727272727273 0.7958823529411765 0.014545454545454545
0 0.5467647058823529 0.7725 0.7970588235294118 0.015909090909090907
0 0.5461764705882353 0.788409090909091 0.7970588235294118 0.01681818181818182
0 0.5461764705882353 0.8038636363636363 0.7970588235294118 0.014090909090909091
0 0.5447058823529412 0.8186363636363636 0.7917647058823529 0.014545454545454545
0 0.5447058823529412 0.8336363636363636 0.7917647058823529 0.015454545454545455
