0 0.5447058823529412 0.46795454545454546 0.7917647058823529 0.015
0 0.5452941176470588 0.48363636363636364 0.7917647058823529 0.015454545454545455
0 0.5455882352941176 0.5004545454545455 0.7923529411764706 0.015454545454545455
0 0.5452941176470588 0.5165909090909091 0.7929411764705883 0.015909090909090907
0 0.5455882352941176 0.53 0.7947058823529412 0.012727272727272728
0 0.5458823529411765 0.5440909090909091 0.7952941176470588 0.016363636363636365
0 0.5438235294117647 0.5595454545454546 0.8005882352941176 0.016363636363636365
0 0.5470588235294118 0.5759090909090909 0.7929411764705883 0.013636363636363636
0 0.48676470588235293 0.5913636363636363 0.6676470588235294 0.014545454545454545
0 0.545 0.6056818181818182 0.7935294117647059 0.015
0 0.3382352941176471 0.62 0.3788235294117647 0.014545454545454545
0 0.7382352941176471 0.6211363636363636 0.4047058823529412 0.013181818181818182
0 0.33852941176470586 0.635 0.38058823529411767 0.016363636363636365
0 0.7382352941176471 0.6354545454545455 0.40352941176470586 0.014545454545454545
0 0.33794117647058824 0.6515909090909091 0.37941176470588234 0.01681818181818182
0 0.33941176470588236 0.6688636363636363 0.3788235294117647 0.013181818181818182
0 0.3391176470588235 0.6829545454545455 0.37941176470588234 0.015
0 0.7394117647058823 0.6506818181818181 0.40352941176470586 0.014090909090909091
0 0.74 0.6665909090909091 0.4047058823529412 0.014090909090909091
0 0.7405882352941177 0.6811363636363637 0.40588235294117647 0.015909090909090907
0 0.5441176470588235 0.7125 0.7964705882352942 0.015
0 0.5447058823529412 0.7265909090909091 0.7964705882352942 0.014090909090909091
0 0.5470588235294118 0.7413636363636363 0.7976470588235294 0.015454545454545455
0 0.5461764705882353 0.7572727272727273 0.8052941176470588 0.01818181818181818
0 0.5485294117647059 0.7727272727272727 0.8052941176470588 0.013636363636363636
0 0.5473529411764706 0.7877272727272727 0.8029411764705883 0.01818181818181818
0 0.5438235294117647 0.8029545454545455 0.8005882352941176 0.014090909090909091
0 0.5455882352941176 0.8184090909090909 0.8017647058823529 0.015909090909090907
0 0.5461764705882353 0.8327272727272728 0.8029411764705883 0.012727272727272728
