0 0.5467647058823529 0.46886363636363637 0.7923529411764706 0.015
0 0.5479411764705883 0.48409090909090907 0.7888235294117647 0.013636363636363636
0 0.5467647058823529 0.4979545454545454 0.79 0.01681818181818182
0 0.5479411764705883 0.5143181818181818 0.7911764705882353 0.017727272727272727
0 0.5538235294117647 0.5309090909090909 0.7794117647058824 0.012727272727272728
0 0.5476470588235294 0.5440909090909091 0.7905882352941176 0.015454545454545455
0 0.5847058823529412 0.5584090909090909 0.7105882352941176 0.010454545454545454
0 0.5476470588235294 0.5602272727272727 0.788235294117647 0.013181818181818182
0 0.5485294117647059 0.5768181818181818 0.7911764705882353 0.015454545454545455
0 0.4885294117647059 0.5911363636363637 0.67 0.012272727272727272
0 0.5508823529411765 0.6063636363636363 0.7794117647058824 0.012727272727272728
0 0.34411764705882353 0.6215909090909091 0.3729411764705882 0.014090909090909091
0 0.7420588235294118 0.6206818181818182 0.39705882352941174 0.014090909090909091
0 0.3426470588235294 0.6370454545454546 0.3735294117647059 0.015909090909090907
0 0.7414705882352941 0.6359090909090909 0.39941176470588236 0.015454545454545455
0 0.75 0.6538636363636363 0.38588235294117645 0.011363636363636364
0 0.38176470588235295 0.6511363636363636 0.29058823529411765 0.010454545454545454
0 0.3417647058823529 0.665 0.37529411764705883 0.01818181818181818
0 0.7426470588235294 0.6675 0.40176470588235297 0.015909090909090907
0 0.7420588235294118 0.6831818181818182 0.40058823529411763 0.011818181818181818
0 0.34147058823529414 0.6834090909090909 0.37588235294117645 0.017727272727272727
0 0.5447058823529412 0.7125 0.7941176470588235 0.014090909090909091
0 0.5452941176470588 0.7286363636363636 0.7929411764705883 0.014545454545454545
0 0.5452941176470588 0.7436363636363637 0.7929411764705883 0.015454545454545455
0 0.5438235294117647 0.7588636363636364 0.7958823529411765 0.015
0 0.5435294117647059 0.7738636363636363 0.7952941176470588 0.015
0 0.5447058823529412 0.7881818181818182 0.7952941176470588 0.012727272727272728
0 0.5447058823529412 0.8022727272727272 0.7952941176470588 0.015454545454545455
0 0.5458823529411765 0.8181818181818182 0.7929411764705883 0.016363636363636365
0 0.5467647058823529 0.8336363636363636 0.7947058823529412 0.014545454545454545
