0 0.5461764705882353 0.4681818181818182 0.7970588235294118 0.017272727272727273
0 0.5476470588235294 0.4865909090909091 0.7905882352941176 0.013181818181818182
0 0.5470588235294118 0.49977272727272726 0.7917647058823529 0.015909090909090907
0 0.5464705882352942 0.5156818181818181 0.7929411764705883 0.015909090909090907
0 0.5467647058823529 0.5302272727272728 0.7935294117647059 0.013181818181818182
0 0.5479411764705883 0.5443181818181818 0.7911764705882353 0.015
0 0.5485294117647059 0.5590909090909091 0.7923529411764706 0.014545454545454545
0 0.5467647058823529 0.575 0.7947058823529412 0.017272727272727273
0 0.48676470588235293 0.5915909090909091 0.6747058823529412 0.015909090909090907
0 0.33852941176470586 0.6209090909090909 0.38176470588235295 0.017272727272727273
0 0.3382352941176471 0.6372727272727273 0.38235294117647056 0.014545454545454545
0 0.33794117647058824 0.6522727272727272 0.38176470588235295 0.015454545454545455
0 0.3388235294117647 0.668409090909091 0.3811764705882353 0.013181818181818182
0 0.33941176470588236 0.6815909090909091 0.38235294117647056 0.013181818181818182
0 0.7382352941176471 0.6181818181818182 0.39294117647058824 0.019090909090909092
0 0.5408823529411765 0.6040909090909091 0.7958823529411765 0.015454545454545455
0 0.74 0.6361363636363636 0.3905882352941176 0.013181818181818182
0 0.7197058823529412 0.6497727272727273 0.3488235294117647 0.014090909090909091
0 0.7426470588235294 0.6659090909090909 0.39235294117647057 0.01818181818181818
0 0.7441176470588236 0.6825 0.38941176470588235 0.014090909090909091
0 0.5452941176470588 0.7127272727272728 0.7917647058823529 0.016363636363636365
0 0.5455882352941176 0.7275 0.7911764705882353 0.013181818181818182
0 0.545 0.7418181818181818 0.79 0.015454545454545455
0 0.5423529411764706 0.7575 0.7952941176470588 0.015
0 0.5420588235294118 0.7729545454545454 0.7947058823529412 0.015909090909090907
0 0.5420588235294118 0.788409090909091 0.7947058823529412 0.014090909090909091
0 0.5408823529411765 0.8036363636363636 0.7935294117647059 0.016363636363636365
0 0.5417647058823529 0.8193181818181818 0.7917647058823529 0.015
0 0.5426470588235294 0.8340909090909091 0.7935294117647059 0.014545454545454545
