0 0.543235294117647 0.4697727272727273 0.79 0.015
0 0.5435294117647059 0.4847727272727273 0.788235294117647 0.015
0 0.5438235294117647 0.49977272727272726 0.7888235294117647 0.015
0 0.545 0.5154545454545455 0.7852941176470588 0.016363636363636365
0 0.5461764705882353 0.5313636363636364 0.7876470588235294 0.015454545454545455
0 0.5452941176470588 0.5463636363636364 0.788235294117647 0.014545454545454545
0 0.5452941176470588 0.5609090909090909 0.788235294117647 0.014545454545454545
0 0.5455882352941176 0.5759090909090909 0.7876470588235294 0.015454545454545455
0 0.48764705882352943 0.5909090909090909 0.6717647058823529 0.014545454545454545
0 0.5447058823529412 0.6063636363636363 0.7917647058823529 0.013636363636363636
0 0.7414705882352941 0.6211363636363636 0.39705882352941174 0.01681818181818182
0 0.7411764705882353 0.6368181818181818 0.39647058823529413 0.014545454545454545
0 0.7408823529411764 0.6531818181818182 0.39588235294117646 0.01818181818181818
0 0.7405882352941177 0.6679545454545455 0.3952941176470588 0.011363636363636364
0 0.7402941176470588 0.6809090909090909 0.39588235294117646 0.014545454545454545
0 0.33588235294117647 0.6206818181818182 0.3835294117647059 0.015909090909090907
0 0.3361764705882353 0.6370454545454546 0.38294117647058823 0.01681818181818182
0 0.33588235294117647 0.6529545454545455 0.38235294117647056 0.015
0 0.3361764705882353 0.6672727272727272 0.38176470588235295 0.013636363636363636
0 0.3361764705882353 0.6815909090909091 0.38176470588235295 0.015
0 0.5435294117647059 0.7122727272727273 0.7964705882352942 0.014545454545454545
0 0.5435294117647059 0.7265909090909091 0.7964705882352942 0.015
0 0.543235294117647 0.7415909090909091 0.7958823529411765 0.015
0 0.5402941176470588 0.7570454545454546 0.8017647058823529 0.015909090909090907
0 0.5402941176470588 0.7727272727272727 0.8017647058823529 0.015454545454545455
0 0.5397058823529411 0.7879545454545455 0.8017647058823529 0.015909090909090907
0 0.54 0.8029545454545455 0.8023529411764706 0.014090909090909091
0 0.5420588235294118 0.8177272727272727 0.798235294117647 0.015454545454545455
0 0.5420588235294118 0.8327272727272728 0.798235294117647 0.014545454545454545
