0 0.5444117647058824 0.4690909090909091 0.7958823529411765 0.013636363636363636
0 0.5473529411764706 0.4838636363636364 0.79 0.015909090909090907
0 0.5470588235294118 0.49954545454545457 0.7894117647058824 0.015454545454545455
0 0.5420588235294118 0.5165909090909091 0.7758823529411765 0.015
0 0.5455882352941176 0.5304545454545454 0.7911764705882353 0.012727272727272728
0 0.5476470588235294 0.545 0.7823529411764706 0.016363636363636365
0 0.5447058823529412 0.56 0.7894117647058824 0.015454545454545455
0 0.5464705882352942 0.575 0.7858823529411765 0.014545454545454545
0 0.4888235294117647 0.5904545454545455 0.6705882352941176 0.016363636363636365
0 0.5488235294117647 0.6054545454545455 0.7870588235294118 0.012727272727272728
0 0.34294117647058825 0.6206818181818182 0.37411764705882355 0.015
0 0.7423529411764705 0.62 0.3988235294117647 0.014545454545454545
0 0.7426470588235294 0.6359090909090909 0.3982352941176471 0.017272727272727273
0 0.7420588235294118 0.6520454545454546 0.39705882352941174 0.015
0 0.7423529411764705 0.6672727272727272 0.3952941176470588 0.011818181818181818
0 0.7423529411764705 0.6806818181818182 0.39647058823529413 0.01681818181818182
0 0.34 0.6365909090909091 0.37529411764705883 0.014090909090909091
0 0.33941176470588236 0.6525 0.37529411764705883 0.014090909090909091
0 0.33941176470588236 0.6670454545454545 0.37529411764705883 0.015
0 0.31558823529411767 0.6845454545454546 0.32294117647058823 0.011818181818181818
0 0.5470588235294118 0.7120454545454545 0.7870588235294118 0.015909090909090907
0 0.5494117647058824 0.7277272727272728 0.7823529411764706 0.015454545454545455
0 0.548235294117647 0.7425 0.7858823529411765 0.013181818181818182
0 0.545 0.7563636363636363 0.798235294117647 0.016363636363636365
0 0.5447058823529412 0.7725 0.7988235294117647 0.015909090909090907
0 0.5447058823529412 0.7877272727272727 0.7964705882352942 0.012727272727272728
0 0.5467647058823529 0.8036363636363636 0.7947058823529412 0.014545454545454545
0 0.5497058823529412 0.8193181818181818 0.778235294117647 0.011363636363636364
0 0.5420588235294118 0.8320454545454545 0.7935294117647059 0.014090909090909091
