0 0.548235294117647 0.46886363636363637 0.7917647058823529 0.015
0 0.5285294117647059 0.49704545454545457 0.7335294117647059 0.020454545454545454
0 0.5494117647058824 0.4827272727272727 0.7823529411764706 0.014545454545454545
0 0.5497058823529412 0.5145454545454545 0.7817647058823529 0.014545454545454545
0 0.5497058823529412 0.5306818181818181 0.7852941176470588 0.015
0 0.5494117647058824 0.5472727272727272 0.7847058823529411 0.01818181818181818
0 0.5485294117647059 0.5627272727272727 0.7864705882352941 0.012727272727272728
0 0.548235294117647 0.5759090909090909 0.7858823529411765 0.013636363636363636
0 0.4894117647058824 0.5906818181818182 0.6658823529411765 0.01681818181818182
0 0.5455882352941176 0.6056818181818182 0.7876470588235294 0.015
0 0.7423529411764705 0.6222727272727273 0.3952941176470588 0.01818181818181818
0 0.7429411764705882 0.6379545454545454 0.39647058823529413 0.013181818181818182
0 0.7429411764705882 0.6522727272727272 0.39647058823529413 0.015454545454545455
0 0.7426470588235294 0.6665909090909091 0.39705882352941174 0.013181818181818182
0 0.7435294117647059 0.6811363636363637 0.39294117647058824 0.015
0 0.3382352941176471 0.62 0.38 0.01818181818181818
0 0.34088235294117647 0.6359090909090909 0.37470588235294117 0.013636363636363636
0 0.3402941176470588 0.6513636363636364 0.3735294117647059 0.017272727272727273
0 0.34088235294117647 0.6677272727272727 0.3711764705882353 0.015454545454545455
0 0.3497058823529412 0.6877272727272727 0.3488235294117647 0.007272727272727273
0 0.5473529411764706 0.7086363636363636 0.7888235294117647 0.02181818181818182
0 0.4661764705882353 0.7261363636363637 0.6182352941176471 0.013181818181818182
0 0.5464705882352942 0.7413636363636363 0.7917647058823529 0.019090909090909092
0 0.543235294117647 0.7586363636363637 0.7911764705882353 0.014545454545454545
0 0.545 0.7715909090909091 0.7994117647058824 0.017727272727272727
0 0.5455882352941176 0.7859090909090909 0.7935294117647059 0.014545454545454545
0 0.5452941176470588 0.8022727272727272 0.8011764705882353 0.019090909090909092
0 0.5435294117647059 0.8175 0.8047058823529412 0.011363636363636364
0 0.543235294117647 0.831590909090909 0.8041176470588235 0.01681818181818182
