0 0.5447058823529412 0.46863636363636363 0.7952941176470588 0.014545454545454545
0 0.5447058823529412 0.48409090909090907 0.7964705882352942 0.014545454545454545
0 0.5438235294117647 0.49977272727272726 0.798235294117647 0.01681818181818182
0 0.5435294117647059 0.5145454545454545 0.7976470588235294 0.012727272727272728
0 0.5455882352941176 0.5295454545454545 0.7935294117647059 0.017272727272727273
0 0.5455882352941176 0.5461363636363636 0.7911764705882353 0.015
0 0.54 0.5611363636363637 0.768235294117647 0.013181818181818182
0 0.5479411764705883 0.5745454545454546 0.7841176470588235 0.013636363636363636
0 0.4858823529411765 0.5890909090909091 0.6741176470588235 0.017272727272727273
0 0.5444117647058824 0.6045454545454545 0.7958823529411765 0.016363636363636365
0 0.7482352941176471 0.6222727272727273 0.3952941176470588 0.014545454545454545
0 0.7461764705882353 0.6368181818181818 0.3911764705882353 0.014545454545454545
0 0.7435294117647059 0.6520454545454546 0.39647058823529413 0.015909090909090907
0 0.7438235294117647 0.6665909090909091 0.39705882352941174 0.013181818181818182
0 0.7435294117647059 0.6811363636363637 0.3976470588235294 0.015909090909090907
0 0.33852941176470586 0.6202272727272727 0.38058823529411767 0.015909090909090907
0 0.33941176470588236 0.6359090909090909 0.3788235294117647 0.015454545454545455
0 0.3391176470588235 0.6513636363636364 0.37823529411764706 0.015454545454545455
0 0.3397058823529412 0.6665909090909091 0.3770588235294118 0.015
0 0.3402941176470588 0.6815909090909091 0.37823529411764706 0.015
0 0.5461764705882353 0.711590909090909 0.7935294117647059 0.014090909090909091
0 0.5461764705882353 0.7265909090909091 0.7935294117647059 0.015909090909090907
0 0.5458823529411765 0.7415909090909091 0.7929411764705883 0.014090909090909091
0 0.5438235294117647 0.7572727272727273 0.7970588235294118 0.017272727272727273
0 0.5461764705882353 0.7725 0.7994117647058824 0.013181818181818182
0 0.5338235294117647 0.7922727272727272 0.7676470588235295 0.006363636363636364
0 0.5464705882352942 0.8027272727272727 0.7929411764705883 0.014545454545454545
0 0.5455882352941176 0.8181818181818182 0.7935294117647059 0.016363636363636365
0 0.5452941176470588 0.8329545454545455 0.7929411764705883 0.013181818181818182
