0 0.5461764705882353 0.4684090909090909 0.7958823529411765 0.01681818181818182
0 0.5452941176470588 0.48522727272727273 0.7952941176470588 0.01681818181818182
0 0.5505882352941176 0.5040909090909091 0.7788235294117647 0.012727272727272728
0 0.5447058823529412 0.5156818181818181 0.7917647058823529 0.013181818181818182
0 0.5435294117647059 0.5295454545454545 0.7941176470588235 0.016363636363636365
0 0.5444117647058824 0.5454545454545454 0.7923529411764706 0.015454545454545455
0 0.5447058823529412 0.5606818181818182 0.7929411764705883 0.015
0 0.5438235294117647 0.575 0.7947058823529412 0.013636363636363636
0 0.4852941176470588 0.59 0.6776470588235294 0.016363636363636365
0 0.5452941176470588 0.6040909090909091 0.7905882352941176 0.014545454545454545
0 0.7408823529411764 0.62 0.39941176470588236 0.017272727272727273
0 0.741764705882353 0.6356818181818182 0.4011764705882353 0.014090909090909091
0 0.741764705882353 0.6502272727272728 0.4011764705882353 0.015
0 0.7508823529411764 0.6704545454545454 0.38294117647058823 0.01
0 0.18205882352941177 0.6204545454545455 0.07 0.012727272727272728
0 0.33588235294117647 0.6190909090909091 0.3870588235294118 0.017272727272727273
0 0.33705882352941174 0.6195454545454545 0.38941176470588235 0.01818181818181818
0 0.3352941176470588 0.6363636363636364 0.3847058823529412 0.012727272727272728
0 0.3402941176470588 0.6515909090909091 0.37823529411764706 0.014090909090909091
0 0.33794117647058824 0.6697727272727273 0.37 0.008636363636363636
0 0.33941176470588236 0.6815909090909091 0.3729411764705882 0.015
0 0.7426470588235294 0.6811363636363637 0.40058823529411763 0.013181818181818182
0 0.5473529411764706 0.7122727272727273 0.7911764705882353 0.016363636363636365
0 0.5458823529411765 0.7277272727272728 0.7941176470588235 0.014545454545454545
0 0.5444117647058824 0.7425 0.7911764705882353 0.015
0 0.5429411764705883 0.7572727272727273 0.7929411764705883 0.014545454545454545
0 0.5452941176470588 0.7734090909090909 0.7917647058823529 0.015909090909090907
0 0.5444117647058824 0.7879545454545455 0.7935294117647059 0.013181818181818182
0 0.5455882352941176 0.8018181818181818 0.7958823529411765 0.014545454545454545
0 0.5455882352941176 0.8179545454545455 0.7935294117647059 0.01681818181818182
0 0.5455882352941176 0.8329545454545455 0.7935294117647059 0.013181818181818182
