0 0.5452941176470588 0.46954545454545454 0.7952941176470588 0.014545454545454545
0 0.5461764705882353 0.48454545454545456 0.7935294117647059 0.015454545454545455
0 0.5476470588235294 0.5004545454545455 0.7964705882352942 0.016363636363636365
0 0.5485294117647059 0.5156818181818181 0.7947058823529412 0.014090909090909091
0 0.5505882352941176 0.5302272727272728 0.7988235294117647 0.015
0 0.5488235294117647 0.5461363636363636 0.8011764705882353 0.01681818181818182
0 0.5470588235294118 0.5609090909090909 0.7976470588235294 0.012727272727272728
0 0.5461764705882353 0.5772727272727273 0.7958823529411765 0.013636363636363636
0 0.4879411764705882 0.5909090909090909 0.6805882352941176 0.015454545454545455
0 0.5467647058823529 0.6065909090909091 0.7994117647058824 0.015
0 0.7452941176470588 0.6213636363636363 0.4023529411764706 0.014545454545454545
0 0.7452941176470588 0.6356818181818182 0.4023529411764706 0.014090909090909091
0 0.7467647058823529 0.6515909090909091 0.39941176470588236 0.017727272727272727
0 0.7461764705882353 0.668409090909091 0.3982352941176471 0.015909090909090907
0 0.7458823529411764 0.6843181818181818 0.3988235294117647 0.015909090909090907
0 0.34 0.6220454545454546 0.3811764705882353 0.013181818181818182
0 0.34205882352941175 0.6370454545454546 0.3770588235294118 0.01681818181818182
0 0.34205882352941175 0.6527272727272727 0.3723529411764706 0.011818181818181818
0 0.3411764705882353 0.6672727272727272 0.37411764705882355 0.017272727272727273
0 0.34058823529411764 0.6831818181818182 0.3729411764705882 0.014545454545454545
0 0.543235294117647 0.7111363636363637 0.8005882352941176 0.015
0 0.5435294117647059 0.7265909090909091 0.8 0.015909090909090907
0 0.5435294117647059 0.7422727272727273 0.8 0.015454545454545455
0 0.5438235294117647 0.7575 0.7994117647058824 0.015
0 0.543235294117647 0.774090909090909 0.798235294117647 0.01818181818181818
0 0.5423529411764706 0.7895454545454546 0.8 0.012727272727272728
0 0.5417647058823529 0.8029545454545455 0.7988235294117647 0.014090909090909091
0 0.5429411764705883 0.8188636363636363 0.7964705882352942 0.015909090909090907
0 0.5444117647058824 0.8325 0.7958823529411765 0.009545454545454546
