0 0.5437262357414449 0.4679633867276888 0.7984790874524715 0.020594965675057208
0 0.5456273764258555 0.4839816933638444 0.8060836501901141 0.013729977116704805
0 0.5456273764258555 0.4988558352402746 0.8060836501901141 0.016018306636155607
0 0.5446768060836502 0.5148741418764302 0.8041825095057035 0.016018306636155607
0 0.5465779467680608 0.5303203661327232 0.7965779467680608 0.014874141876430207
0 0.5475285171102662 0.5446224256292906 0.7984790874524715 0.016018306636155607
0 0.5475285171102662 0.5594965675057209 0.7984790874524715 0.013729977116704805
0 0.5484790874524715 0.5760869565217391 0.7965779467680608 0.017162471395881007
0 0.48574144486692017 0.5926773455377574 0.6673003802281369 0.013729977116704805
0 0.5494296577946768 0.6064073226544623 0.7984790874524715 0.013729977116704805
0 0.7452471482889734 0.6224256292906178 0.40304182509505704 0.013729977116704805
0 0.7452471482889734 0.63558352402746 0.40304182509505704 0.012585812356979404
0 0.7461977186311787 0.6504576659038902 0.4011406844106464 0.017162471395881007
0 0.7461977186311787 0.665903890160183 0.4011406844106464 0.013729977116704805
0 0.7461977186311787 0.6819221967963387 0.4011406844106464 0.018306636155606407
0 0.34600760456273766 0.6819221967963387 0.39923954372623577 0.018306636155606407
0 0.33935361216730037 0.665903890160183 0.3897338403041825 0.013729977116704805
0 0.33840304182509506 0.6504576659038902 0.3916349809885932 0.017162471395881007
0 0.3355513307984791 0.6344393592677345 0.38593155893536124 0.014874141876430207
0 0.33745247148288976 0.6149885583524027 0.3821292775665399 0.02402745995423341
0 0.5418250950570342 0.7088100686498856 0.7908745247148289 0.014874141876430207
0 0.5399239543726235 0.7265446224256293 0.7946768060836502 0.020594965675057208
0 0.5456273764258555 0.7454233409610984 0.7870722433460076 0.012585812356979404
0 0.5418250950570342 0.7591533180778032 0.7946768060836502 0.014874141876430207
0 0.5437262357414449 0.7734553775743707 0.7984790874524715 0.013729977116704805
0 0.5446768060836502 0.7883295194508009 0.7965779467680608 0.016018306636155607
0 0.5427756653992395 0.8037757437070938 0.7927756653992395 0.014874141876430207
0 0.5408745247148289 0.8197940503432495 0.7965779467680608 0.019450800915331808
0 0.5465779467680608 0.834096109839817 0.8079847908745247 0.009153318077803204
