0 0.5444444444444444 0.4682899207248018 0.7982905982905983 0.01925254813137033
0 0.5427350427350427 0.48471121177802945 0.8017094017094017 0.011325028312570781
0 0.5444444444444444 0.49943374858437145 0.7982905982905983 0.015855039637599093
0 0.5435897435897435 0.5147225368063421 0.7965811965811965 0.014722536806342015
0 0.5435897435897435 0.5300113250283126 0.7965811965811965 0.015855039637599093
0 0.5444444444444444 0.5464326160815403 0.7948717948717948 0.014722536806342015
0 0.5444444444444444 0.5605889014722537 0.7982905982905983 0.015855039637599093
0 0.5452991452991452 0.5764439411098528 0.7931623931623931 0.015855039637599093
0 0.4846153846153846 0.5911664779161948 0.6786324786324787 0.015855039637599093
0 0.5435897435897435 0.6047565118912798 0.8034188034188035 0.015855039637599093
0 0.335042735042735 0.6211778029445073 0.38632478632478634 0.014722536806342015
0 0.335042735042735 0.6359003397508494 0.38632478632478634 0.014722536806342015
0 0.335042735042735 0.6511891279728199 0.38632478632478634 0.015855039637599093
0 0.335042735042735 0.665911664779162 0.38632478632478634 0.013590033975084938
0 0.3367521367521368 0.6823329558323896 0.38290598290598293 0.01698754246885617
0 0.7435897435897436 0.6217440543601359 0.40341880341880343 0.013590033975084938
0 0.7444444444444445 0.636466591166478 0.4017094017094017 0.011325028312570781
0 0.7444444444444445 0.6483578708946772 0.4017094017094017 0.01698754246885617
0 0.7444444444444445 0.6642129105322764 0.4017094017094017 0.014722536806342015
0 0.7427350427350428 0.6800679501698754 0.4017094017094017 0.01698754246885617
0 0.5444444444444444 0.711211778029445 0.7948717948717948 0.013590033975084938
0 0.5452991452991452 0.7270668176670442 0.7931623931623931 0.015855039637599093
0 0.5427350427350427 0.7412231030577576 0.8017094017094017 0.01698754246885617
0 0.5435897435897435 0.7576443941109853 0.8 0.013590033975084938
0 0.541025641025641 0.7712344280860702 0.8017094017094017 0.015855039637599093
0 0.5401709401709401 0.7853907134767837 0.8034188034188035 0.01698754246885617
0 0.5401709401709401 0.8023782559456398 0.8034188034188035 0.014722536806342015
0 0.5393162393162393 0.8165345413363534 0.8051282051282052 0.01812004530011325
0 0.541025641025641 0.8335220838052095 0.8017094017094017 0.013590033975084938
