0 0.5423529411764706 0.4702272727272727 0.7929411764705883 0.015
0 0.543235294117647 0.48454545454545456 0.8005882352941176 0.015454545454545455
0 0.5429411764705883 0.4990909090909091 0.7976470588235294 0.01818181818181818
0 0.5420588235294118 0.5147727272727273 0.8017647058823529 0.015909090909090907
0 0.5438235294117647 0.5295454545454545 0.8017647058823529 0.016363636363636365
0 0.5444117647058824 0.5461363636363636 0.798235294117647 0.015
0 0.5447058823529412 0.5597727272727273 0.7952941176470588 0.012272727272727272
0 0.545 0.5740909090909091 0.7970588235294118 0.015454545454545455
0 0.4861764705882353 0.5911363636363637 0.6770588235294117 0.01681818181818182
0 0.5447058823529412 0.605909090909091 0.7941176470588235 0.012727272727272728
0 0.3388235294117647 0.6213636363636363 0.3847058823529412 0.015454545454545455
0 0.7435294117647059 0.6211363636363636 0.4011764705882353 0.015909090909090907
0 0.33941176470588236 0.6370454545454546 0.38588235294117645 0.014090909090909091
0 0.34088235294117647 0.6525 0.38294117647058823 0.014090909090909091
0 0.33941176470588236 0.6681818181818182 0.38 0.013636363636363636
0 0.33941176470588236 0.6831818181818182 0.38235294117647056 0.013636363636363636
0 0.7432352941176471 0.6361363636363636 0.40294117647058825 0.013181818181818182
0 0.7429411764705882 0.6515909090909091 0.4 0.015
0 0.745 0.6677272727272727 0.40058823529411763 0.011818181818181818
0 0.7441176470588236 0.6831818181818182 0.4 0.013636363636363636
0 0.5435294117647059 0.7129545454545455 0.7976470588235294 0.013181818181818182
0 0.5438235294117647 0.7265909090909091 0.7935294117647059 0.015909090909090907
0 0.5441176470588235 0.7425 0.7952941176470588 0.015
0 0.5441176470588235 0.7579545454545454 0.7988235294117647 0.014090909090909091
0 0.5423529411764706 0.7738636363636363 0.7976470588235294 0.01681818181818182
0 0.5438235294117647 0.7897727272727273 0.7970588235294118 0.012272727272727272
0 0.5429411764705883 0.8052272727272727 0.7976470588235294 0.015
0 0.5441176470588235 0.8197727272727273 0.8023529411764706 0.012272727272727272
0 0.5435294117647059 0.8352272727272727 0.8 0.014090909090909091
