0 0.5420475319926874 0.46871310507674147 0.8025594149908593 0.01652892561983471
0 0.5438756855575868 0.4852420306965762 0.7989031078610603 0.014167650531286895
0 0.5438756855575868 0.4988193624557261 0.8025594149908593 0.01770956316410862
0 0.5420475319926874 0.51357733175915 0.8098720292504571 0.01652892561983471
0 0.5447897623400365 0.5289256198347108 0.8043875685557587 0.01652892561983471
0 0.5457038391224863 0.5436835891381346 0.8062157221206582 0.01770956316410862
0 0.5429616087751371 0.5590318772136954 0.8043875685557587 0.015348288075560802
0 0.5475319926873857 0.5755608028335301 0.8062157221206582 0.012987012987012988
0 0.4853747714808044 0.58913813459268 0.6819012797074955 0.01652892561983471
0 0.5447897623400365 0.6062573789846517 0.7970749542961609 0.015348288075560802
0 0.33638025594149906 0.6216056670602125 0.3875685557586837 0.015348288075560802
0 0.7440585009140768 0.6221959858323495 0.40219378427787933 0.014167650531286895
0 0.33638025594149906 0.6345926800472255 0.3875685557586837 0.015348288075560802
0 0.3391224862888483 0.6511216056670602 0.3820840950639854 0.015348288075560802
0 0.33546617915904936 0.6646989374262101 0.38939670932358317 0.01652892561983471
0 0.3372943327239488 0.6812278630460449 0.38939670932358317 0.014167650531286895
0 0.7458866544789763 0.6375442739079102 0.40219378427787933 0.014167650531286895
0 0.7422303473491774 0.6505312868949232 0.39853747714808047 0.01652892561983471
0 0.7458866544789763 0.667060212514758 0.39853747714808047 0.011806375442739079
0 0.7458866544789763 0.679456906729634 0.40219378427787933 0.01770956316410862
0 0.5429616087751371 0.7125147579693034 0.8007312614259597 0.015348288075560802
0 0.5447897623400365 0.7278630460448642 0.7970749542961609 0.012987012987012988
0 0.5438756855575868 0.7420306965761512 0.7952468007312614 0.015348288075560802
0 0.5438756855575868 0.7573789846517119 0.7952468007312614 0.015348288075560802
0 0.5447897623400365 0.7721369539551358 0.793418647166362 0.014167650531286895
0 0.5429616087751371 0.7880755608028335 0.7970749542961609 0.01770956316410862
0 0.5429616087751371 0.8028335301062574 0.7970749542961609 0.011806375442739079
0 0.5411334552102377 0.8164108618654073 0.793418647166362 0.01770956316410862
0 0.5429616087751371 0.832939787485242 0.7970749542961609 0.015348288075560802
