0 0.5467647058823529 0.47 0.79 0.013636363636363636
0 0.5485294117647059 0.4843181818181818 0.7923529411764706 0.013181818181818182
0 0.5470588235294118 0.4993181818181818 0.7929411764705883 0.017727272727272727
0 0.5485294117647059 0.5165909090909091 0.7911764705882353 0.013181818181818182
0 0.5467647058823529 0.53 0.7923529411764706 0.014545454545454545
0 0.545 0.5454545454545454 0.7888235294117647 0.016363636363636365
0 0.545 0.5609090909090909 0.7947058823529412 0.014545454545454545
0 0.5467647058823529 0.5745454545454546 0.7935294117647059 0.017272727272727273
0 0.4835294117647059 0.5913636363636363 0.6752941176470588 0.015454545454545455
0 0.5470588235294118 0.6061363636363636 0.7941176470588235 0.015909090909090907
0 0.34 0.6204545454545455 0.3764705882352941 0.017272727272727273
0 0.7476470588235294 0.6234090909090909 0.4082352941176471 0.017727272727272727
0 0.33941176470588236 0.6361363636363636 0.38 0.01681818181818182
0 0.7444117647058823 0.6372727272727273 0.40294117647058825 0.014545454545454545
0 0.33941176470588236 0.6529545454545455 0.38 0.015
0 0.3397058823529412 0.6677272727272727 0.3770588235294118 0.015454545454545455
0 0.3373529411764706 0.6822727272727273 0.37941176470588234 0.015454545454545455
0 0.7405882352941177 0.6509090909090909 0.39647058823529413 0.015454545454545455
0 0.7408823529411764 0.6663636363636364 0.39705882352941174 0.015454545454545455
0 0.741764705882353 0.6809090909090909 0.4011764705882353 0.013636363636363636
0 0.5452941176470588 0.7120454545454545 0.7905882352941176 0.015
0 0.5455882352941176 0.7277272727272728 0.7923529411764706 0.012727272727272728
0 0.545 0.7406818181818182 0.7958823529411765 0.01681818181818182
0 0.545 0.7575 0.8005882352941176 0.015
0 0.543235294117647 0.7709090909090909 0.798235294117647 0.019090909090909092
0 0.545 0.7868181818181819 0.798235294117647 0.017272727272727273
0 0.545 0.8018181818181818 0.8017647058823529 0.012727272727272728
0 0.5470588235294118 0.8159090909090909 0.7964705882352942 0.01818181818181818
0 0.5485294117647059 0.8306818181818182 0.8158823529411765 0.015
