0 0.545 0.5227272727272727 0.79 0.12090909090909091
0 0.34088235294117647 0.6493181818181818 0.38294117647058823 0.0740909090909091
0 0.7464705882352941 0.6495454545454545 0.40705882352941175 0.08
0 0.54 0.7697727272727273 0.8 0.13045454545454546
0 0.48058823529411765 0.5936363636363636 0.62 0.011818181818181818
0 0.5452941176470588 0.46954545454545454 0.7894117647058824 0.013636363636363636
0 0.5461764705882353 0.48409090909090907 0.7876470588235294 0.015454545454545455
0 0.5461764705882353 0.49977272727272726 0.7876470588235294 0.015909090909090907
0 0.545 0.515 0.79 0.014545454545454545
0 0.545 0.5311363636363636 0.79 0.017727272727272727
0 0.5452941176470588 0.5475 0.7788235294117647 0.014090909090909091
0 0.5485294117647059 0.5615909090909091 0.7852941176470588 0.014090909090909091
0 0.5467647058823529 0.5745454545454546 0.7888235294117647 0.011818181818181818
0 0.34294117647058825 0.6195454545454545 0.3811764705882353 0.016363636363636365
0 0.3391176470588235 0.6368181818181818 0.37941176470588234 0.016363636363636365
0 0.3402941176470588 0.6531818181818182 0.38058823529411767 0.016363636363636365
0 0.33852941176470586 0.6690909090909091 0.3770588235294118 0.015454545454545455
0 0.3402941176470588 0.6829545454545455 0.37941176470588234 0.012272727272727272
0 0.7458823529411764 0.6179545454545454 0.40588235294117647 0.018636363636363635
0 0.7470588235294118 0.6356818181818182 0.4023529411764706 0.01681818181818182
0 0.7470588235294118 0.6513636363636364 0.4023529411764706 0.014545454545454545
0 0.7455882352941177 0.6668181818181819 0.4041176470588235 0.016363636363636365
0 0.7461764705882353 0.6806818181818182 0.4052941176470588 0.011363636363636364
0 0.5408823529411765 0.711590909090909 0.8005882352941176 0.015
0 0.5408823529411765 0.7272727272727273 0.8005882352941176 0.016363636363636365
0 0.5402941176470588 0.7425 0.7994117647058824 0.014090909090909091
0 0.5367647058823529 0.7588636363636364 0.7923529411764706 0.01681818181818182
0 0.5408823529411765 0.7743181818181818 0.8005882352941176 0.014090909090909091
0 0.5402941176470588 0.7890909090909091 0.798235294117647 0.016363636363636365
0 0.5405882352941176 0.8043181818181818 0.7988235294117647 0.014090909090909091
0 0.5032352941176471 0.8220454545454545 0.7041176470588235 0.0013636363636363637
