0 0.5454545454545454 0.46935096153846156 0.8 0.015625
0 0.5463636363636364 0.4855769230769231 0.7981818181818182 0.016826923076923076
0 0.5481818181818182 0.5018028846153846 0.8018181818181818 0.015625
0 0.5490909090909091 0.5168269230769231 0.8 0.014423076923076924
0 0.55 0.5306490384615384 0.8018181818181818 0.013221153846153846
0 0.5509090909090909 0.5450721153846154 0.8 0.015625
0 0.5481818181818182 0.5600961538461539 0.7945454545454546 0.014423076923076924
0 0.5436363636363636 0.5745192307692307 0.8036363636363636 0.014423076923076924
0 0.55 0.6063701923076923 0.7981818181818182 0.020432692307692308
0 0.34363636363636363 0.625 0.38181818181818183 0.01201923076923077
0 0.3427272727272727 0.6370192307692307 0.3836363636363636 0.01201923076923077
0 0.34454545454545454 0.6514423076923077 0.38727272727272727 0.016826923076923076
0 0.34363636363636363 0.6676682692307693 0.3890909090909091 0.015625
0 0.3409090909090909 0.6826923076923077 0.38727272727272727 0.014423076923076924
0 0.7445454545454545 0.6243990384615384 0.4018181818181818 0.010817307692307692
0 0.7454545454545455 0.6382211538461539 0.4 0.016826923076923076
0 0.7454545454545455 0.6526442307692307 0.4 0.01201923076923077
0 0.7454545454545455 0.6670673076923077 0.4 0.016826923076923076
0 0.7445454545454545 0.6820913461538461 0.3981818181818182 0.013221153846153846
0 0.5436363636363636 0.7109375 0.8072727272727273 0.015625
0 0.5436363636363636 0.7265625 0.8072727272727273 0.015625
0 0.5445454545454546 0.7409855769230769 0.8090909090909091 0.013221153846153846
0 0.54 0.7554086538461539 0.7963636363636364 0.015625
0 0.5372727272727272 0.7716346153846154 0.8054545454545454 0.016826923076923076
0 0.5409090909090909 0.7878605769230769 0.8127272727272727 0.015625
0 0.5436363636363636 0.8040865384615384 0.8072727272727273 0.016826923076923076
0 0.5418181818181819 0.8203125 0.8036363636363636 0.015625
0 0.5427272727272727 0.8323317307692307 0.8018181818181818 0.008413461538461538
