0 0.5444117647058824 0.46886363636363637 0.798235294117647 0.015909090909090907
0 0.5441176470588235 0.4838636363636364 0.7976470588235294 0.014090909090909091
0 0.5444117647058824 0.5 0.798235294117647 0.01818181818181818
0 0.5438235294117647 0.5168181818181818 0.7994117647058824 0.015454545454545455
0 0.5429411764705883 0.5311363636363636 0.7976470588235294 0.013181818181818182
0 0.543235294117647 0.5443181818181818 0.7958823529411765 0.013181818181818182
0 0.543235294117647 0.5593181818181818 0.7958823529411765 0.01681818181818182
0 0.5223529411764706 0.5793181818181818 0.76 0.007727272727272728
0 0.48264705882352943 0.5920454545454545 0.6805882352941176 0.017727272727272727
0 0.3376470588235294 0.62 0.3847058823529412 0.017272727272727273
0 0.5397058823529411 0.6029545454545454 0.7994117647058824 0.01681818181818182
0 0.7408823529411764 0.6225 0.3982352941176471 0.015
0 0.3373529411764706 0.6370454545454546 0.3841176470588235 0.015909090909090907
0 0.3373529411764706 0.6520454545454546 0.3841176470588235 0.014090909090909091
0 0.33794117647058824 0.6663636363636364 0.38529411764705884 0.014545454545454545
0 0.33794117647058824 0.6818181818181818 0.38529411764705884 0.016363636363636365
0 0.5420588235294118 0.7113636363636363 0.798235294117647 0.014545454545454545
0 0.5429411764705883 0.7261363636363637 0.7964705882352942 0.015
0 0.5441176470588235 0.7411363636363636 0.7988235294117647 0.015
0 0.5441176470588235 0.7577272727272727 0.7964705882352942 0.01818181818181818
0 0.545 0.7731818181818182 0.798235294117647 0.012727272727272728
0 0.5417647058823529 0.7879545454545455 0.8035294117647059 0.01681818181818182
0 0.5417647058823529 0.8029545454545455 0.8035294117647059 0.013181818181818182
0 0.5420588235294118 0.8186363636363636 0.8017647058823529 0.01818181818181818
0 0.5411764705882353 0.8343181818181818 0.8 0.013181818181818182
0 0.7429411764705882 0.6379545454545454 0.39176470588235296 0.013181818181818182
0 0.745 0.6515909090909091 0.39588235294117646 0.014090909090909091
0 0.7441176470588236 0.6663636363636364 0.3988235294117647 0.015454545454545455
0 0.7597058823529412 0.6847727272727273 0.35705882352941176 0.010454545454545454
