0 0.543010752688172 0.46914285714285714 0.7956989247311828 0.017142857142857144
0 0.543010752688172 0.484 0.7956989247311828 0.012571428571428572
0 0.5421146953405018 0.49885714285714283 0.7939068100358423 0.017142857142857144
0 0.5421146953405018 0.5154285714285715 0.7939068100358423 0.016
0 0.5421146953405018 0.5314285714285715 0.7939068100358423 0.016
0 0.5421146953405018 0.5468571428571428 0.7939068100358423 0.014857142857142857
0 0.5439068100358423 0.5617142857142857 0.7974910394265233 0.014857142857142857
0 0.5439068100358423 0.5754285714285714 0.7974910394265233 0.012571428571428572
0 0.482078853046595 0.5897142857142857 0.6738351254480287 0.016
0 0.543010752688172 0.6051428571428571 0.7992831541218638 0.014857142857142857
0 0.7446236559139785 0.6211428571428571 0.3996415770609319 0.014857142857142857
0 0.7446236559139785 0.6365714285714286 0.3996415770609319 0.016
0 0.7455197132616488 0.6531428571428571 0.3978494623655914 0.017142857142857144
0 0.7455197132616488 0.6674285714285715 0.3978494623655914 0.011428571428571429
0 0.7455197132616488 0.6805714285714286 0.3978494623655914 0.014857142857142857
0 0.33602150537634407 0.6222857142857143 0.3817204301075269 0.017142857142857144
0 0.33691756272401435 0.6377142857142857 0.37992831541218636 0.013714285714285714
0 0.33691756272401435 0.6514285714285715 0.37992831541218636 0.013714285714285714
0 0.3378136200716846 0.6662857142857143 0.3781362007168459 0.016
0 0.3378136200716846 0.6811428571428572 0.3781362007168459 0.016
0 0.543010752688172 0.7114285714285714 0.7921146953405018 0.014857142857142857
0 0.543010752688172 0.7268571428571429 0.7885304659498208 0.013714285714285714
0 0.5439068100358423 0.7405714285714285 0.7903225806451613 0.013714285714285714
0 0.5439068100358423 0.7554285714285714 0.7903225806451613 0.016
0 0.5448028673835126 0.772 0.7921146953405018 0.017142857142857144
0 0.5421146953405018 0.7874285714285715 0.7939068100358423 0.013714285714285714
0 0.5421146953405018 0.8017142857142857 0.7974910394265233 0.014857142857142857
0 0.543010752688172 0.8177142857142857 0.7956989247311828 0.017142857142857144
0 0.5421146953405018 0.8337142857142857 0.7939068100358423 0.014857142857142857
