0 0.5437262357414449 0.4680232558139535 0.8060836501901141 0.01744186046511628
0 0.5446768060836502 0.48430232558139535 0.8041825095057035 0.015116279069767442
0 0.5437262357414449 0.5011627906976744 0.8022813688212928 0.018604651162790697
0 0.5465779467680608 0.516860465116279 0.7965779467680608 0.012790697674418604
0 0.5465779467680608 0.5302325581395348 0.7965779467680608 0.013953488372093023
0 0.5437262357414449 0.8308139534883721 0.7984790874524715 0.01744186046511628
0 0.5446768060836502 0.5424418604651163 0.7965779467680608 0.019767441860465116
0 0.5446768060836502 0.5598837209302325 0.7965779467680608 0.015116279069767442
0 0.5484790874524715 0.5744186046511628 0.8041825095057035 0.013953488372093023
0 0.5418250950570342 0.5895348837209302 0.8174904942965779 0.01627906976744186
0 0.535171102661597 0.6052325581395349 0.8041825095057035 0.015116279069767442
0 0.7385931558935361 0.6226744186046511 0.3973384030418251 0.019767441860465116
0 0.7414448669201521 0.6366279069767442 0.40304182509505704 0.015116279069767442
0 0.7423954372623575 0.6511627906976745 0.4011406844106464 0.013953488372093023
0 0.7395437262357415 0.6656976744186046 0.39543726235741444 0.015116279069767442
0 0.7404942965779467 0.6802325581395349 0.3935361216730038 0.01627906976744186
0 0.33365019011406843 0.6209302325581395 0.3973384030418251 0.01627906976744186
0 0.33935361216730037 0.6366279069767442 0.38593155893536124 0.015116279069767442
0 0.33840304182509506 0.6511627906976745 0.3840304182509506 0.013953488372093023
0 0.3403041825095057 0.6662790697674419 0.38022813688212925 0.01627906976744186
0 0.3365019011406844 0.6819767441860465 0.3726235741444867 0.015116279069767442
0 0.5446768060836502 0.7122093023255814 0.7927756653992395 0.012790697674418604
0 0.5418250950570342 0.7273255813953489 0.7984790874524715 0.01744186046511628
0 0.5427756653992395 0.7424418604651163 0.8003802281368821 0.012790697674418604
0 0.5427756653992395 0.7569767441860465 0.8003802281368821 0.01627906976744186
0 0.5427756653992395 0.7726744186046511 0.8003802281368821 0.015116279069767442
0 0.5427756653992395 0.7883720930232558 0.7965779467680608 0.01627906976744186
0 0.5456273764258555 0.8034883720930233 0.8022813688212928 0.013953488372093023
0 0.5465779467680608 0.8162790697674419 0.8003802281368821 0.011627906976744186
