0 0.5444117647058824 0.47113636363636363 0.7935294117647059 0.015909090909090907
0 0.5458823529411765 0.48545454545454547 0.7905882352941176 0.01090909090909091
0 0.5458823529411765 0.4990909090909091 0.7905882352941176 0.014545454545454545
0 0.5470588235294118 0.515 0.788235294117647 0.014545454545454545
0 0.5494117647058824 0.5311363636363636 0.7894117647058824 0.014090909090909091
0 0.5488235294117647 0.5459090909090909 0.788235294117647 0.013636363636363636
0 0.5491176470588235 0.56 0.7852941176470588 0.013636363636363636
0 0.5508823529411765 0.5761363636363637 0.7876470588235294 0.017727272727272727
0 0.48676470588235293 0.5913636363636363 0.6735294117647059 0.014545454545454545
0 0.5470588235294118 0.6072727272727273 0.7929411764705883 0.012727272727272728
0 0.3391176470588235 0.6236363636363637 0.3770588235294118 0.017272727272727273
0 0.7385294117647059 0.6211363636363636 0.4052941176470588 0.013181818181818182
0 0.74 0.6363636363636364 0.40352941176470586 0.014545454545454545
0 0.741764705882353 0.6525 0.40352941176470586 0.014090909090909091
0 0.74 0.6670454545454545 0.4011764705882353 0.012272727272727272
0 0.7376470588235294 0.6804545454545454 0.4 0.014545454545454545
0 0.3397058823529412 0.6388636363636364 0.3770588235294118 0.011363636363636364
0 0.33852941176470586 0.6515909090909091 0.37941176470588234 0.013181818181818182
0 0.33852941176470586 0.6677272727272727 0.37588235294117645 0.014545454545454545
0 0.3397058823529412 0.6827272727272727 0.37470588235294117 0.014545454545454545
0 0.5473529411764706 0.7120454545454545 0.7958823529411765 0.018636363636363635
0 0.5458823529411765 0.7281818181818182 0.7905882352941176 0.015454545454545455
0 0.5441176470588235 0.7420454545454546 0.8 0.015
0 0.5426470588235294 0.7575 0.8017647058823529 0.01681818181818182
0 0.5414705882352941 0.7729545454545454 0.7994117647058824 0.011363636363636364
0 0.54 0.7888636363636363 0.8 0.014090909090909091
0 0.5420588235294118 0.8040909090909091 0.8029411764705883 0.013636363636363636
0 0.5429411764705883 0.8213636363636364 0.8035294117647059 0.013636363636363636
0 0.5438235294117647 0.8352272727272727 0.8017647058823529 0.014090909090909091
