0 0.544362292051756 0.4696969696969697 0.800369685767098 0.014590347923681257
0 0.544362292051756 0.4831649831649832 0.800369685767098 0.012345679012345678
0 0.544362292051756 0.4983164983164983 0.800369685767098 0.017957351290684626
0 0.544362292051756 0.5145903479236813 0.800369685767098 0.014590347923681257
0 0.544362292051756 0.5291806958473625 0.800369685767098 0.014590347923681257
0 0.544362292051756 0.5437710437710438 0.800369685767098 0.014590347923681257
0 0.5452865064695009 0.558361391694725 0.7985212569316081 0.016835016835016835
0 0.5471349353049908 0.5757575757575758 0.8022181146025879 0.015712682379349047
0 0.4833641404805915 0.5914702581369248 0.6746765249537893 0.015712682379349047
0 0.5462107208872459 0.6071829405162739 0.7966728280961183 0.01122334455667789
0 0.34011090573012936 0.6212121212121212 0.3807763401109057 0.012345679012345678
0 0.33826247689463956 0.6369248035914703 0.37707948243992606 0.014590347923681257
0 0.3391866913123845 0.6515151515151515 0.3789279112754159 0.014590347923681257
0 0.3391866913123845 0.6666666666666666 0.3789279112754159 0.015712682379349047
0 0.3391866913123845 0.6818181818181818 0.3789279112754159 0.014590347923681257
0 0.7412199630314233 0.6206509539842873 0.4066543438077634 0.017957351290684626
0 0.7430683918669131 0.6369248035914703 0.4029574861367837 0.014590347923681257
0 0.743992606284658 0.6515151515151515 0.4048059149722736 0.014590347923681257
0 0.7430683918669131 0.664983164983165 0.4066543438077634 0.012345679012345678
0 0.7421441774491682 0.6801346801346801 0.4048059149722736 0.017957351290684626
0 0.5434380776340111 0.7121212121212122 0.7985212569316081 0.014590347923681257
0 0.544362292051756 0.7267115600448933 0.7966728280961183 0.014590347923681257
0 0.544362292051756 0.7407407407407407 0.7966728280961183 0.013468013468013467
0 0.544362292051756 0.7570145903479237 0.7966728280961183 0.019079685746352413
0 0.544362292051756 0.7738496071829405 0.7966728280961183 0.014590347923681257
0 0.5434380776340111 0.7884399551066218 0.7985212569316081 0.014590347923681257
0 0.5268022181146026 0.8052749719416387 0.7652495378927912 0.019079685746352413
0 0.5397412199630314 0.8176206509539843 0.8059149722735675 0.007856341189674524
0 0.5452865064695009 0.8322109988776656 0.7948243992606284 0.016835016835016835
