0 0.5457256461232605 0.46984318455971047 0.7972166998011928 0.015681544028950542
0 0.5447316103379721 0.48492159227985526 0.7992047713717694 0.012062726176115802
0 0.5457256461232605 0.49819059107358266 0.8011928429423459 0.014475271411338963
0 0.547713717693837 0.5132689987937273 0.7972166998011928 0.015681544028950542
0 0.5487077534791253 0.528950542822678 0.8031809145129225 0.015681544028950542
0 0.5487077534791253 0.5428226779252111 0.8031809145129225 0.012062726176115802
0 0.5447316103379721 0.5579010856453559 0.8031809145129225 0.015681544028950542
0 0.5447316103379721 0.5741857659831122 0.7992047713717694 0.016887816646562123
0 0.4840954274353877 0.5898673100120627 0.6779324055666004 0.014475271411338963
0 0.5457256461232605 0.606151990349819 0.8011928429423459 0.015681544028950542
0 0.7455268389662028 0.6212303980699638 0.40159045725646125 0.014475271411338963
0 0.7465208747514911 0.6363088057901085 0.3996023856858847 0.013268998793727383
0 0.7485089463220675 0.6513872135102533 0.3956262425447316 0.014475271411338963
0 0.3389662027833002 0.623642943305187 0.38767395626242546 0.012062726176115802
0 0.34095427435387676 0.6369119420989143 0.3836978131212724 0.014475271411338963
0 0.3399602385685885 0.6519903498190591 0.3817097415506958 0.015681544028950542
0 0.34095427435387676 0.6670687575392038 0.3797216699801193 0.014475271411338963
0 0.3399602385685885 0.6821471652593486 0.37773359840954274 0.015681544028950542
0 0.7435387673956262 0.6670687575392038 0.40159045725646125 0.014475271411338963
0 0.7445328031809145 0.6821471652593486 0.40357852882703776 0.015681544028950542
0 0.5427435387673957 0.7110977080820265 0.7992047713717694 0.015681544028950542
0 0.5437375745526839 0.7285886610373945 0.7972166998011928 0.019300361881785282
0 0.5427435387673957 0.7448733413751508 0.7952286282306164 0.013268998793727383
0 0.5427435387673957 0.7593486127864898 0.7952286282306164 0.015681544028950542
0 0.5417495029821073 0.7750301568154403 0.7972166998011928 0.013268998793727383
0 0.5387673956262425 0.7889022919179735 0.8031809145129225 0.014475271411338963
0 0.5397614314115308 0.8033775633293124 0.805168986083499 0.014475271411338963
0 0.5427435387673957 0.8178528347406514 0.7992047713717694 0.014475271411338963
0 0.5447316103379721 0.8329312424607962 0.8031809145129225 0.015681544028950542
