0 0.5423529411764706 0.4690909090909091 0.7988235294117647 0.014545454545454545
0 0.5473529411764706 0.48545454545454547 0.7923529411764706 0.011818181818181818
0 0.5505882352941176 0.49977272727272726 0.7917647058823529 0.013181818181818182
0 0.5435294117647059 0.8340909090909091 0.7976470588235294 0.011818181818181818
0 0.5438235294117647 0.8190909090909091 0.798235294117647 0.012727272727272728
0 0.5488235294117647 0.5154545454545455 0.7917647058823529 0.016363636363636365
0 0.5488235294117647 0.5315909090909091 0.788235294117647 0.011363636363636364
0 0.548235294117647 0.5456818181818182 0.7917647058823529 0.015909090909090907
0 0.5488235294117647 0.5611363636363637 0.7929411764705883 0.013181818181818182
0 0.5494117647058824 0.5763636363636364 0.7917647058823529 0.013636363636363636
0 0.4894117647058824 0.5918181818181818 0.6694117647058824 0.014545454545454545
0 0.5473529411764706 0.6065909090909091 0.7911764705882353 0.013181818181818182
0 0.3423529411764706 0.6225 0.3764705882352941 0.015909090909090907
0 0.7423529411764705 0.6215909090909091 0.3952941176470588 0.013181818181818182
0 0.3417647058823529 0.6381818181818182 0.3764705882352941 0.013636363636363636
0 0.3411764705882353 0.6527272727272727 0.3764705882352941 0.012727272727272728
0 0.3417647058823529 0.6681818181818182 0.3788235294117647 0.013636363636363636
0 0.34294117647058825 0.6829545454545455 0.3776470588235294 0.01681818181818182
0 0.7438235294117647 0.6368181818181818 0.3947058823529412 0.013636363636363636
0 0.7447058823529412 0.6522727272727272 0.3952941176470588 0.015454545454545455
0 0.7452941176470588 0.6681818181818182 0.3941176470588235 0.01
0 0.7458823529411764 0.6809090909090909 0.4 0.016363636363636365
0 0.5444117647058824 0.7127272727272728 0.7970588235294118 0.01090909090909091
0 0.5473529411764706 0.7275 0.7958823529411765 0.015909090909090907
0 0.5473529411764706 0.7431818181818182 0.7958823529411765 0.01090909090909091
0 0.545 0.7563636363636363 0.798235294117647 0.017272727272727273
0 0.5458823529411765 0.7736363636363637 0.8 0.013636363636363636
0 0.5455882352941176 0.788409090909091 0.7994117647058824 0.011363636363636364
0 0.5441176470588235 0.8047727272727273 0.7964705882352942 0.014090909090909091
