0 0.5470588235294118 0.46886363636363637 0.7917647058823529 0.015
0 0.5473529411764706 0.485 0.7888235294117647 0.012727272727272728
0 0.5488235294117647 0.5002272727272727 0.788235294117647 0.013181818181818182
0 0.55 0.515 0.788235294117647 0.013636363636363636
0 0.55 0.5318181818181819 0.788235294117647 0.014545454545454545
0 0.5538235294117647 0.5463636363636364 0.7758823529411765 0.012727272727272728
0 0.5470588235294118 0.5620454545454545 0.7870588235294118 0.014090909090909091
0 0.5476470588235294 0.5772727272727273 0.7858823529411765 0.011818181818181818
0 0.4894117647058824 0.5931818181818181 0.6717647058823529 0.016363636363636365
0 0.5473529411764706 0.6075 0.7852941176470588 0.010454545454545454
0 0.7429411764705882 0.6218181818181818 0.39294117647058824 0.011818181818181818
0 0.3426470588235294 0.6211363636363636 0.37470588235294117 0.013181818181818182
0 0.34205882352941175 0.6365909090909091 0.37588235294117645 0.01681818181818182
0 0.3417647058823529 0.6527272727272727 0.37411764705882355 0.015454545454545455
0 0.34205882352941175 0.6663636363636364 0.3735294117647059 0.011818181818181818
0 0.34147058823529414 0.6813636363636364 0.37470588235294117 0.017272727272727273
0 0.7147058823529412 0.644090909090909 0.3341176470588235 0.024545454545454544
0 0.7441176470588236 0.6377272727272727 0.3870588235294118 0.014545454545454545
0 0.745 0.6536363636363637 0.3876470588235294 0.011818181818181818
0 0.741764705882353 0.6672727272727272 0.39176470588235296 0.013636363636363636
0 0.7411764705882353 0.6815909090909091 0.3988235294117647 0.015
0 0.4864705882352941 0.7125 0.6764705882352942 0.015909090909090907
0 0.5455882352941176 0.7275 0.7970588235294118 0.014090909090909091
0 0.5452941176470588 0.7418181818181818 0.7964705882352942 0.01818181818181818
0 0.5452941176470588 0.7581818181818182 0.7976470588235294 0.013636363636363636
0 0.5452941176470588 0.7747727272727273 0.8 0.015
0 0.5441176470588235 0.7877272727272727 0.7988235294117647 0.012727272727272728
0 0.545 0.8045454545454546 0.7970588235294118 0.017272727272727273
0 0.5452941176470588 0.8184090909090909 0.7952941176470588 0.013181818181818182
0 0.5408823529411765 0.8334090909090909 0.7888235294117647 0.013181818181818182
