0 0.5423728813559322 0.469375 0.7966101694915254 0.01375
0 0.5432203389830509 0.485625 0.7983050847457627 0.01875
0 0.5415254237288135 0.50125 0.8016949152542373 0.0125
0 0.5423728813559322 0.514375 0.8033898305084746 0.01375
0 0.5457627118644067 0.530625 0.7932203389830509 0.01375
0 0.5466101694915254 0.545 0.7983050847457627 0.015
0 0.5474576271186441 0.559375 0.7966101694915254 0.01625
0 0.5483050847457627 0.573125 0.7949152542372881 0.01625
0 0.4864406779661017 0.589375 0.6745762711864407 0.01625
0 0.5440677966101695 0.605625 0.7966101694915254 0.01625
0 0.33559322033898303 0.621875 0.3864406779661017 0.01375
0 0.7440677966101695 0.6225 0.4 0.0125
0 0.3364406779661017 0.635 0.3847457627118644 0.015
0 0.338135593220339 0.651875 0.37796610169491524 0.01625
0 0.3398305084745763 0.666875 0.37796610169491524 0.01625
0 0.3398305084745763 0.681875 0.3813559322033898 0.01375
0 0.7440677966101695 0.6375 0.4 0.0125
0 0.7432203389830508 0.651875 0.4016949152542373 0.01625
0 0.7432203389830508 0.666875 0.3949152542372881 0.01375
0 0.7406779661016949 0.681875 0.4067796610169492 0.01625
0 0.5457627118644067 0.71125 0.8033898305084746 0.015
0 0.5440677966101695 0.7275 0.8067796610169492 0.0125
0 0.5457627118644067 0.7425 0.8 0.0175
0 0.5415254237288135 0.7575 0.8084745762711865 0.015
0 0.5406779661016949 0.773125 0.8033898305084746 0.01125
0 0.5449152542372881 0.78625 0.7949152542372881 0.015
0 0.5432203389830509 0.801875 0.8084745762711865 0.01625
0 0.5432203389830509 0.818125 0.811864406779661 0.01375
0 0.5449152542372881 0.83375 0.8050847457627118 0.0125
