0 0.5461764705882353 0.46954545454545454 0.798235294117647 0.016363636363636365
0 0.5485294117647059 0.48545454545454547 0.7970588235294118 0.014545454545454545
0 0.5470588235294118 0.5015909090909091 0.7976470588235294 0.014090909090909091
0 0.5479411764705883 0.5156818181818181 0.7994117647058824 0.014090909090909091
0 0.5470588235294118 0.5304545454545454 0.8011764705882353 0.015454545454545455
0 0.5473529411764706 0.5459090909090909 0.8017647058823529 0.015454545454545455
0 0.5470588235294118 0.5618181818181818 0.8023529411764706 0.016363636363636365
0 0.5458823529411765 0.5770454545454545 0.8 0.014090909090909091
0 0.48323529411764704 0.5918181818181818 0.6794117647058824 0.014545454545454545
0 0.5438235294117647 0.6072727272727273 0.8017647058823529 0.014545454545454545
0 0.7438235294117647 0.6225 0.40176470588235297 0.015909090909090907
0 0.7423529411764705 0.6365909090909091 0.3988235294117647 0.012272727272727272
0 0.7423529411764705 0.6509090909090909 0.3976470588235294 0.016363636363636365
0 0.7432352941176471 0.6668181818181819 0.39941176470588236 0.015454545454545455
0 0.7444117647058823 0.6813636363636364 0.39705882352941174 0.013636363636363636
0 0.33558823529411763 0.6809090909090909 0.39 0.01090909090909091
0 0.3417647058823529 0.6222727272727273 0.3847058823529412 0.01090909090909091
0 0.3391176470588235 0.6365909090909091 0.3841176470588235 0.018636363636363635
0 0.3373529411764706 0.6538636363636363 0.3876470588235294 0.015909090909090907
0 0.3382352941176471 0.6686363636363636 0.38823529411764707 0.013636363636363636
0 0.5423529411764706 0.7106818181818182 0.7976470588235294 0.018636363636363635
0 0.5426470588235294 0.7270454545454546 0.7994117647058824 0.015
0 0.5420588235294118 0.7422727272727273 0.8005882352941176 0.015454545454545455
0 0.5420588235294118 0.7575 0.8005882352941176 0.015
0 0.5402941176470588 0.7743181818181818 0.7923529411764706 0.018636363636363635
0 0.5417647058823529 0.7856818181818181 0.8 0.020454545454545454
0 0.5402941176470588 0.8029545454545455 0.7970588235294118 0.014090909090909091
0 0.54 0.8195454545454546 0.7964705882352942 0.019090909090909092
0 0.5423529411764706 0.8345454545454546 0.8023529411764706 0.011818181818181818
