0 0.5464705882352942 0.46886363636363637 0.7976470588235294 0.015
0 0.5464705882352942 0.48568181818181816 0.7929411764705883 0.01681818181818182
0 0.5438235294117647 0.5002272727272727 0.798235294117647 0.019545454545454546
0 0.5479411764705883 0.5168181818181818 0.79 0.016363636363636365
0 0.5508823529411765 0.5286363636363637 0.7994117647058824 0.012727272727272728
0 0.5485294117647059 0.5438636363636363 0.7864705882352941 0.015
0 0.5488235294117647 0.5606818181818182 0.7894117647058824 0.014090909090909091
0 0.5485294117647059 0.5756818181818182 0.8041176470588235 0.013181818181818182
0 0.4864705882352941 0.5909090909090909 0.6752941176470588 0.013636363636363636
0 0.5488235294117647 0.6054545454545455 0.7941176470588235 0.014545454545454545
0 0.34205882352941175 0.6204545454545455 0.3841176470588235 0.014545454545454545
0 0.7397058823529412 0.6206818181818182 0.3947058823529412 0.015
0 0.7414705882352941 0.6404545454545455 0.3935294117647059 0.013636363636363636
0 0.33941176470588236 0.6379545454545454 0.38 0.01681818181818182
0 0.3397058823529412 0.6536363636363637 0.38176470588235295 0.015454545454545455
0 0.34147058823529414 0.6688636363636363 0.37941176470588234 0.011363636363636364
0 0.3417647058823529 0.6834090909090909 0.3788235294117647 0.015
0 0.7438235294117647 0.6547727272727273 0.4052941176470588 0.012272727272727272
0 0.7455882352941177 0.6677272727272727 0.3911764705882353 0.013636363636363636
0 0.7505882352941177 0.6827272727272727 0.4 0.015454545454545455
0 0.5438235294117647 0.711590909090909 0.7923529411764706 0.015
0 0.5464705882352942 0.7288636363636364 0.7964705882352942 0.018636363636363635
0 0.5458823529411765 0.7438636363636364 0.7976470588235294 0.015909090909090907
0 0.5411764705882353 0.7588636363636364 0.7929411764705883 0.010454545454545454
0 0.5364705882352941 0.769090909090909 0.7823529411764706 0.008181818181818182
0 0.54 0.7836363636363637 0.7929411764705883 0.019090909090909092
0 0.5405882352941176 0.8025 0.7964705882352942 0.015
0 0.5429411764705883 0.8168181818181818 0.8047058823529412 0.016363636363636365
0 0.5385294117647059 0.831590909090909 0.798235294117647 0.017727272727272727
