0 0.5473529411764706 0.4697727272727273 0.7958823529411765 0.013181818181818182
0 0.5458823529411765 0.4843181818181818 0.7941176470588235 0.011363636363636364
0 0.5452941176470588 0.4990909090909091 0.7917647058823529 0.015454545454545455
0 0.5491176470588235 0.5143181818181818 0.7841176470588235 0.015
0 0.5479411764705883 0.5293181818181818 0.7817647058823529 0.015
0 0.5473529411764706 0.5445454545454546 0.7829411764705883 0.015454545454545455
0 0.5491176470588235 0.5604545454545454 0.7864705882352941 0.016363636363636365
0 0.5470588235294118 0.5752272727272727 0.7894117647058824 0.014090909090909091
0 0.4873529411764706 0.5909090909090909 0.67 0.017272727272727273
0 0.5470588235294118 0.6072727272727273 0.7847058823529411 0.014545454545454545
0 0.7447058823529412 0.6213636363636363 0.39176470588235296 0.013636363636363636
0 0.7444117647058823 0.6356818181818182 0.3935294117647059 0.015
0 0.7438235294117647 0.6515909090909091 0.3935294117647059 0.015909090909090907
0 0.7441176470588236 0.6659090909090909 0.3941176470588235 0.012727272727272728
0 0.7444117647058823 0.6813636363636364 0.3935294117647059 0.01818181818181818
0 0.33941176470588236 0.6213636363636363 0.3811764705882353 0.01090909090909091
0 0.34 0.635 0.3788235294117647 0.017272727272727273
0 0.3397058823529412 0.6506818181818181 0.37823529411764706 0.014090909090909091
0 0.34058823529411764 0.6659090909090909 0.3764705882352941 0.016363636363636365
0 0.34 0.6815909090909091 0.3788235294117647 0.013181818181818182
0 0.5438235294117647 0.7102272727272727 0.7935294117647059 0.015909090909090907
0 0.5417647058823529 0.7263636363636363 0.7976470588235294 0.016363636363636365
0 0.5414705882352941 0.7418181818181818 0.7970588235294118 0.014545454545454545
0 0.5420588235294118 0.7565909090909091 0.7958823529411765 0.015
0 0.5417647058823529 0.7718181818181818 0.7952941176470588 0.015454545454545455
0 0.543235294117647 0.7879545454545455 0.7923529411764706 0.01681818181818182
0 0.5455882352941176 0.8031818181818182 0.7970588235294118 0.013636363636363636
0 0.5461764705882353 0.8179545454545455 0.7958823529411765 0.01681818181818182
0 0.5458823529411765 0.8347727272727272 0.7952941176470588 0.01681818181818182
