0 0.545631067961165 0.47014051522248246 0.7961165048543689 0.01756440281030445
0 0.5427184466019418 0.4853629976580796 0.8019417475728156 0.01288056206088993
0 0.541747572815534 0.4994145199063232 0.8 0.01522248243559719
0 0.5446601941747573 0.5146370023419203 0.7941747572815534 0.01522248243559719
0 0.545631067961165 0.5298594847775175 0.7961165048543689 0.01522248243559719
0 0.5466019417475728 0.5468384074941453 0.7941747572815534 0.01873536299765808
0 0.5466019417475728 0.5620608899297423 0.7941747572815534 0.0117096018735363
0 0.5485436893203883 0.5755269320843092 0.7902912621359224 0.01522248243559719
0 0.487378640776699 0.5913348946135831 0.6679611650485436 0.01639344262295082
0 0.5466019417475728 0.6065573770491803 0.7941747572815534 0.0117096018735363
0 0.7436893203883496 0.6211943793911007 0.4 0.01756440281030445
0 0.7407766990291262 0.6370023419203747 0.3941747572815534 0.01405152224824356
0 0.7398058252427184 0.6522248243559718 0.39223300970873787 0.01639344262295082
0 0.7407766990291262 0.6680327868852459 0.3941747572815534 0.01522248243559719
0 0.7417475728155339 0.6838407494145199 0.39223300970873787 0.01639344262295082
0 0.3388349514563107 0.6223653395784543 0.37475728155339805 0.01288056206088993
0 0.33980582524271846 0.6370023419203747 0.37281553398058254 0.01639344262295082
0 0.34271844660194173 0.6516393442622951 0.3786407766990291 0.01288056206088993
0 0.341747572815534 0.6662763466042154 0.38058252427184464 0.01639344262295082
0 0.33980582524271846 0.6814988290398126 0.3766990291262136 0.01405152224824356
0 0.3378640776699029 0.6814988290398126 0.38058252427184464 0.01405152224824356
0 0.541747572815534 0.7096018735362998 0.8 0.01639344262295082
0 0.5427184466019418 0.7271662763466042 0.7980582524271844 0.01873536299765808
0 0.5436893203883495 0.7429742388758782 0.8 0.01288056206088993
0 0.541747572815534 0.7570257611241218 0.8038834951456311 0.01522248243559719
0 0.541747572815534 0.7728337236533958 0.8038834951456311 0.01639344262295082
0 0.5436893203883495 0.7892271662763466 0.8 0.01639344262295082
0 0.545631067961165 0.8038641686182669 0.8038834951456311 0.01288056206088993
0 0.5407766990291262 0.819672131147541 0.8135922330097087 0.01873536299765808
0 0.5407766990291262 0.8366510538641686 0.8135922330097087 0.01522248243559719
