0 0.5454545454545454 0.46959459459459457 0.7977736549165121 0.015765765765765764
0 0.5445269016697588 0.4847972972972973 0.7996289424860853 0.01463963963963964
0 0.5445269016697588 0.4988738738738739 0.7996289424860853 0.013513513513513514
0 0.5417439703153989 0.5146396396396397 0.8014842300556586 0.015765765765765764
0 0.5426716141001855 0.5304054054054054 0.8033395176252319 0.015765765765765764
0 0.5426716141001855 0.545045045045045 0.8033395176252319 0.013513513513513514
0 0.5417439703153989 0.5596846846846847 0.8014842300556586 0.015765765765765764
0 0.5435992578849722 0.5754504504504504 0.8051948051948052 0.018018018018018018
0 0.48144712430426717 0.5923423423423423 0.6808905380333952 0.015765765765765764
0 0.5417439703153989 0.6069819819819819 0.8051948051948052 0.013513513513513514
0 0.3358070500927644 0.6216216216216216 0.39332096474953615 0.015765765765765764
0 0.7448979591836735 0.6227477477477478 0.39517625231910947 0.013513513513513514
0 0.336734693877551 0.6362612612612613 0.39888682745825604 0.02027027027027027
0 0.7439703153988868 0.6373873873873874 0.39332096474953615 0.013513513513513514
0 0.336734693877551 0.6531531531531531 0.3877551020408163 0.013513513513513514
0 0.7439703153988868 0.6525900900900901 0.39332096474953615 0.01463963963963964
0 0.7439703153988868 0.6683558558558559 0.39332096474953615 0.016891891891891893
0 0.7448979591836735 0.6835585585585585 0.39517625231910947 0.013513513513513514
0 0.33487940630797774 0.6666666666666666 0.3914656771799629 0.015765765765765764
0 0.33487940630797774 0.6824324324324325 0.39517625231910947 0.013513513513513514
0 0.5417439703153989 0.7117117117117117 0.8126159554730983 0.013513513513513514
0 0.5408163265306123 0.7269144144144144 0.8144712430426716 0.012387387387387387
0 0.538961038961039 0.740990990990991 0.8107606679035251 0.015765765765765764
0 0.538961038961039 0.7573198198198198 0.8107606679035251 0.01463963963963964
0 0.5371057513914657 0.7730855855855856 0.8070500927643784 0.016891891891891893
0 0.5408163265306123 0.7894144144144144 0.7996289424860853 0.015765765765765764
0 0.5435992578849722 0.8040540540540541 0.8014842300556586 0.013513513513513514
0 0.5435992578849722 0.8186936936936937 0.8014842300556586 0.015765765765765764
0 0.5426716141001855 0.8333333333333334 0.7996289424860853 0.013513513513513514
