0 0.5461764705882353 0.4684090909090909 0.7935294117647059 0.015909090909090907
0 0.5473529411764706 0.4827272727272727 0.7935294117647059 0.016363636363636365
0 0.5461764705882353 0.4993181818181818 0.798235294117647 0.019545454545454546
0 0.5452941176470588 0.5159090909090909 0.7929411764705883 0.016363636363636365
0 0.33852941176470586 0.6672727272727272 0.37823529411764706 0.014545454545454545
0 0.5458823529411765 0.53 0.7917647058823529 0.012727272727272728
0 0.5452941176470588 0.5445454545454546 0.7894117647058824 0.016363636363636365
0 0.5455882352941176 0.56 0.7911764705882353 0.015454545454545455
0 0.5467647058823529 0.5752272727272727 0.7923529411764706 0.013181818181818182
0 0.48823529411764705 0.5904545454545455 0.6764705882352942 0.015454545454545455
0 0.5455882352941176 0.6047727272727272 0.7911764705882353 0.013181818181818182
0 0.3397058823529412 0.6227272727272727 0.38176470588235295 0.015454545454545455
0 0.7420588235294118 0.6197727272727273 0.39941176470588236 0.015909090909090907
0 0.7432352941176471 0.6368181818181818 0.3982352941176471 0.012727272727272728
0 0.3388235294117647 0.6375 0.38 0.015909090909090907
0 0.3397058823529412 0.6531818181818182 0.37941176470588234 0.014545454545454545
0 0.7438235294117647 0.6511363636363636 0.39705882352941174 0.015
0 0.7461764705882353 0.6668181818181819 0.39705882352941174 0.01090909090909091
0 0.7444117647058823 0.6829545454545455 0.40058823529411763 0.01681818181818182
0 0.34205882352941175 0.6836363636363636 0.37941176470588234 0.011818181818181818
0 0.5420588235294118 0.7122727272727273 0.7994117647058824 0.014545454545454545
0 0.5438235294117647 0.7281818181818182 0.8029411764705883 0.015454545454545455
0 0.5452941176470588 0.7422727272727273 0.8035294117647059 0.017272727272727273
0 0.5435294117647059 0.7586363636363637 0.8023529411764706 0.013636363636363636
0 0.5444117647058824 0.7734090909090909 0.8017647058823529 0.01681818181818182
0 0.5426470588235294 0.7897727272727273 0.8052941176470588 0.014090909090909091
0 0.5438235294117647 0.8031818181818182 0.8076470588235294 0.012727272727272728
0 0.5438235294117647 0.8175 0.8076470588235294 0.015909090909090907
0 0.5444117647058824 0.8322727272727273 0.8088235294117647 0.013636363636363636
