0 0.5464705882352942 0.4693181818181818 0.7976470588235294 0.015
0 0.5455882352941176 0.48363636363636364 0.7994117647058824 0.013636363636363636
0 0.5458823529411765 0.4993181818181818 0.8 0.017727272727272727
0 0.5470588235294118 0.5152272727272728 0.7976470588235294 0.014090909090909091
0 0.5458823529411765 0.53 0.7952941176470588 0.015454545454545455
0 0.5470588235294118 0.545 0.7929411764705883 0.014545454545454545
0 0.5517647058823529 0.5611363636363637 0.78 0.015
0 0.5470588235294118 0.5756818181818182 0.7894117647058824 0.014090909090909091
0 0.4861764705882353 0.5915909090909091 0.6664705882352941 0.014090909090909091
0 0.5476470588235294 0.6070454545454546 0.7905882352941176 0.013181818181818182
0 0.7452941176470588 0.6204545454545455 0.3952941176470588 0.013636363636363636
0 0.7432352941176471 0.6356818181818182 0.3911764705882353 0.01681818181818182
0 0.7435294117647059 0.6518181818181819 0.3905882352941176 0.015454545454545455
0 0.76 0.6695454545454546 0.36 0.00909090909090909
0 0.9320588235294117 0.675 0.014705882352941176 0.0018181818181818182
0 0.7579411764705882 0.6843181818181818 0.3558823529411765 0.008636363636363636
0 0.34088235294117647 0.6209090909090909 0.3770588235294118 0.014545454545454545
0 0.3391176470588235 0.6361363636363636 0.38058823529411767 0.015909090909090907
0 0.3376470588235294 0.6518181818181819 0.3776470588235294 0.015454545454545455
0 0.3211764705882353 0.6690909090909091 0.35294117647058826 0.007272727272727273
0 0.3376470588235294 0.6809090909090909 0.38235294117647056 0.015454545454545455
0 0.5420588235294118 0.7111363636363637 0.7970588235294118 0.014090909090909091
0 0.5417647058823529 0.7275 0.7988235294117647 0.014090909090909091
0 0.5464705882352942 0.7418181818181818 0.7858823529411765 0.014545454545454545
0 0.5417647058823529 0.7565909090909091 0.7952941176470588 0.015
0 0.5441176470588235 0.7736363636363637 0.7929411764705883 0.013636363636363636
0 0.543235294117647 0.7893181818181818 0.79 0.015909090909090907
0 0.5552941176470588 0.8075 0.7588235294117647 0.008636363636363636
0 0.9329411764705883 0.8120454545454545 0.0058823529411764705 0.0013636363636363637
0 0.5420588235294118 0.8177272727272727 0.7923529411764706 0.015454545454545455
0 0.5420588235294118 0.8331818181818181 0.79 0.014545454545454545
