0 0.2073529411764706 0.7147727272727272 0.008823529411764706 0.0022727272727272726
0 0.5479411764705883 0.4693181818181818 0.7911764705882353 0.013181818181818182
0 0.5470588235294118 0.48545454545454547 0.7870588235294118 0.015454545454545455
0 0.548235294117647 0.5025 0.7858823529411765 0.015
0 0.5470588235294118 0.5168181818181818 0.7858823529411765 0.011818181818181818
0 0.5470588235294118 0.5327272727272727 0.788235294117647 0.014545454545454545
0 0.548235294117647 0.5461363636363636 0.7905882352941176 0.012272727272727272
0 0.5491176470588235 0.5625 0.7888235294117647 0.015909090909090907
0 0.548235294117647 0.576590909090909 0.7870588235294118 0.012272727272727272
0 0.48970588235294116 0.5925 0.6641176470588235 0.014090909090909091
0 0.5476470588235294 0.6070454545454546 0.7858823529411765 0.010454545454545454
0 0.7438235294117647 0.6220454545454546 0.3935294117647059 0.018636363636363635
0 0.745 0.6377272727272727 0.39588235294117646 0.012727272727272728
0 0.7455882352941177 0.6529545454545455 0.3947058823529412 0.017727272727272727
0 0.7455882352941177 0.6679545454545455 0.39588235294117646 0.01681818181818182
0 0.7441176470588236 0.6815909090909091 0.39294117647058824 0.012272727272727272
0 0.34058823529411764 0.6222727272727273 0.37529411764705883 0.014545454545454545
0 0.3438235294117647 0.6393181818181818 0.3735294117647059 0.013181818181818182
0 0.34147058823529414 0.6529545454545455 0.37941176470588234 0.013181818181818182
0 0.34088235294117647 0.6686363636363636 0.37823529411764706 0.012727272727272728
0 0.3423529411764706 0.6834090909090909 0.3764705882352941 0.015
0 0.5464705882352942 0.7111363636363637 0.7894117647058824 0.014090909090909091
0 0.5444117647058824 0.7284090909090909 0.7876470588235294 0.010454545454545454
0 0.5452941176470588 0.7429545454545454 0.788235294117647 0.013181818181818182
0 0.545 0.7588636363636364 0.7888235294117647 0.013181818181818182
0 0.5467647058823529 0.7727272727272727 0.7958823529411765 0.011818181818181818
0 0.543235294117647 0.7890909090909091 0.7970588235294118 0.017272727272727273
0 0.5435294117647059 0.8070454545454545 0.8 0.015
0 0.543235294117647 0.821590909090909 0.7935294117647059 0.010454545454545454
0 0.5447058823529412 0.8347727272727272 0.8023529411764706 0.014090909090909091
