0 0.545 0.47045454545454546 0.7958823529411765 0.013636363636363636
0 0.5444117647058824 0.4843181818181818 0.7970588235294118 0.013181818181818182
0 0.5423529411764706 0.5 0.7917647058823529 0.016363636363636365
0 0.5438235294117647 0.5163636363636364 0.7947058823529412 0.014545454545454545
0 0.545 0.5318181818181819 0.7958823529411765 0.014545454545454545
0 0.545 0.5468181818181819 0.7958823529411765 0.015454545454545455
0 0.545 0.5627272727272727 0.7947058823529412 0.013636363636363636
0 0.5447058823529412 0.5761363636363637 0.7929411764705883 0.013181818181818182
0 0.5447058823529412 0.5906818181818182 0.7929411764705883 0.015909090909090907
0 0.5473529411764706 0.6056818181818182 0.7935294117647059 0.018636363636363635
0 0.34058823529411764 0.6220454545454546 0.3811764705882353 0.015909090909090907
0 0.34 0.6377272727272727 0.38235294117647056 0.015454545454545455
0 0.3397058823529412 0.6531818181818182 0.38176470588235295 0.015454545454545455
0 0.3397058823529412 0.6677272727272727 0.38294117647058823 0.013636363636363636
0 0.3388235294117647 0.6818181818181818 0.3811764705882353 0.014545454545454545
0 0.7444117647058823 0.6227272727272727 0.39588235294117646 0.012727272727272728
0 0.7441176470588236 0.6379545454545454 0.39647058823529413 0.017727272727272727
0 0.7435294117647059 0.6531818181818182 0.3952941176470588 0.012727272727272728
0 0.7432352941176471 0.6677272727272727 0.39588235294117646 0.016363636363636365
0 0.7423529411764705 0.6834090909090909 0.3941176470588235 0.015
0 0.5394117647058824 0.711590909090909 0.8035294117647059 0.014090909090909091
0 0.5408823529411765 0.7272727272727273 0.8041176470588235 0.014545454545454545
0 0.54 0.7436363636363637 0.8 0.014545454545454545
0 0.5408823529411765 0.7575 0.7911764705882353 0.01681818181818182
0 0.5423529411764706 0.7747727272727273 0.7905882352941176 0.015
0 0.5405882352941176 0.7904545454545454 0.7941176470588235 0.016363636363636365
0 0.5408823529411765 0.8045454545454546 0.7947058823529412 0.011818181818181818
0 0.5408823529411765 0.8188636363636363 0.7947058823529412 0.01681818181818182
0 0.5423529411764706 0.8343181818181818 0.7976470588235294 0.014090909090909091
