0 0.541030534351145 0.4690011481056257 0.799618320610687 0.012629161882893225
0 0.5400763358778626 0.4827784156142365 0.8015267175572519 0.014925373134328358
0 0.5400763358778626 0.49942594718714123 0.8015267175572519 0.018369690011481057
0 0.5400763358778626 0.5154994259471871 0.8015267175572519 0.013777267508610792
0 0.5400763358778626 0.5298507462686567 0.8015267175572519 0.014925373134328358
0 0.541030534351145 0.5453501722158438 0.799618320610687 0.018369690011481057
0 0.541030534351145 0.5602755453501722 0.799618320610687 0.011481056257175661
0 0.541030534351145 0.5729047072330654 0.799618320610687 0.013777267508610792
0 0.48091603053435117 0.5889781859931114 0.6793893129770993 0.018369690011481057
0 0.541030534351145 0.605625717566016 0.7958015267175572 0.012629161882893225
0 0.33587786259541985 0.6194029850746269 0.3893129770992366 0.01722158438576349
0 0.33587786259541985 0.6354764638346728 0.3893129770992366 0.014925373134328358
0 0.3349236641221374 0.6504018369690011 0.38740458015267176 0.014925373134328358
0 0.3349236641221374 0.6659012629161883 0.38740458015267176 0.016073478760045924
0 0.3349236641221374 0.6814006888633755 0.38740458015267176 0.014925373134328358
0 0.7423664122137404 0.6194029850746269 0.40076335877862596 0.01722158438576349
0 0.7452290076335878 0.6383467278989667 0.3988549618320611 0.016073478760045924
0 0.7433206106870229 0.653272101033295 0.3988549618320611 0.013777267508610792
0 0.7433206106870229 0.6676234213547646 0.4026717557251908 0.012629161882893225
0 0.7433206106870229 0.682548794489093 0.4026717557251908 0.014925373134328358
0 0.5400763358778626 0.7112514351320322 0.8053435114503816 0.014925373134328358
0 0.5400763358778626 0.7267508610792193 0.8053435114503816 0.016073478760045924
0 0.5400763358778626 0.7428243398392652 0.8053435114503816 0.016073478760045924
0 0.5400763358778626 0.7583237657864523 0.8053435114503816 0.014925373134328358
0 0.5400763358778626 0.7726750861079219 0.8053435114503816 0.013777267508610792
0 0.5400763358778626 0.7876004592422503 0.8053435114503816 0.016073478760045924
0 0.5400763358778626 0.8036739380022963 0.8053435114503816 0.016073478760045924
0 0.5400763358778626 0.8185993111366245 0.8053435114503816 0.013777267508610792
0 0.5400763358778626 0.8323765786452354 0.8053435114503816 0.013777267508610792
