0 0.5452941176470588 0.47 0.7917647058823529 0.014545454545454545
0 0.5447058823529412 0.48454545454545456 0.7929411764705883 0.014545454545454545
0 0.5452941176470588 0.4990909090909091 0.7941176470588235 0.014545454545454545
0 0.545 0.514090909090909 0.7947058823529412 0.015454545454545455
0 0.5444117647058824 0.5290909090909091 0.7935294117647059 0.014545454545454545
0 0.5447058823529412 0.543409090909091 0.7929411764705883 0.014090909090909091
0 0.545 0.5584090909090909 0.7923529411764706 0.015909090909090907
0 0.5452941176470588 0.575 0.7917647058823529 0.019090909090909092
0 0.47 0.5906818181818182 0.6411764705882353 0.012272727272727272
0 0.34088235294117647 0.6211363636363636 0.38058823529411767 0.012272727272727272
0 0.545 0.6061363636363636 0.7923529411764706 0.014090909090909091
0 0.7455882352941177 0.6220454545454546 0.39235294117647057 0.014090909090909091
0 0.7461764705882353 0.6368181818181818 0.3935294117647059 0.015454545454545455
0 0.7455882352941177 0.6529545454545455 0.3947058823529412 0.01681818181818182
0 0.7455882352941177 0.6677272727272727 0.3947058823529412 0.012727272727272728
0 0.7458823529411764 0.6813636363636364 0.3941176470588235 0.014545454545454545
0 0.34147058823529414 0.635 0.37941176470588234 0.016363636363636365
0 0.34088235294117647 0.6504545454545455 0.37941176470588234 0.014545454545454545
0 0.3402941176470588 0.6665909090909091 0.37823529411764706 0.017727272727272727
0 0.34058823529411764 0.6834090909090909 0.3776470588235294 0.015909090909090907
0 0.5452941176470588 0.7120454545454545 0.7905882352941176 0.017727272727272727
0 0.5461764705882353 0.7290909090909091 0.7911764705882353 0.014545454545454545
0 0.5452941176470588 0.7445454545454545 0.7929411764705883 0.016363636363636365
0 0.5452941176470588 0.7595454545454545 0.7929411764705883 0.013636363636363636
0 0.5447058823529412 0.7738636363636363 0.7941176470588235 0.015
0 0.5444117647058824 0.7890909090909091 0.7935294117647059 0.015454545454545455
0 0.543235294117647 0.8045454545454546 0.7947058823529412 0.015454545454545455
0 0.5435294117647059 0.8193181818181818 0.7952941176470588 0.014090909090909091
0 0.543235294117647 0.8343181818181818 0.7958823529411765 0.015909090909090907
