0 0.5461764705882353 0.4677272727272727 0.7970588235294118 0.019090909090909092
0 0.5452941176470588 0.48318181818181816 0.8011764705882353 0.02
0 0.5479411764705883 0.5011363636363636 0.7947058823529412 0.015909090909090907
0 0.5497058823529412 0.5168181818181818 0.7935294117647059 0.012727272727272728
0 0.548235294117647 0.5302272727272728 0.7905882352941176 0.014090909090909091
0 0.548235294117647 0.5447727272727273 0.7905882352941176 0.013181818181818182
0 0.5491176470588235 0.5597727272727273 0.7923529411764706 0.01681818181818182
0 0.5473529411764706 0.5752272727272727 0.7958823529411765 0.014090909090909091
0 0.48705882352941177 0.5904545454545455 0.6741176470588235 0.014545454545454545
0 0.5473529411764706 0.6061363636363636 0.7947058823529412 0.015
0 0.34 0.6218181818181818 0.38235294117647056 0.016363636363636365
0 0.34058823529411764 0.6379545454545454 0.3811764705882353 0.015909090909090907
0 0.34 0.6534090909090909 0.38 0.015
0 0.34 0.6679545454545455 0.38 0.014090909090909091
0 0.34 0.6827272727272727 0.3776470588235294 0.014545454545454545
0 0.7414705882352941 0.6222727272727273 0.3982352941176471 0.014545454545454545
0 0.7441176470588236 0.6384090909090909 0.39647058823529413 0.014090909090909091
0 0.7438235294117647 0.6538636363636363 0.39705882352941174 0.01681818181818182
0 0.7435294117647059 0.6675 0.3952941176470588 0.013181818181818182
0 0.7441176470588236 0.6822727272727273 0.3941176470588235 0.016363636363636365
0 0.5444117647058824 0.7136363636363636 0.7923529411764706 0.013636363636363636
0 0.5438235294117647 0.7272727272727273 0.7935294117647059 0.013636363636363636
0 0.5438235294117647 0.7418181818181818 0.7935294117647059 0.015454545454545455
0 0.5423529411764706 0.7568181818181818 0.7964705882352942 0.012727272727272728
0 0.5447058823529412 0.7713636363636364 0.8011764705882353 0.016363636363636365
0 0.545 0.7879545454545455 0.8005882352941176 0.01681818181818182
0 0.5455882352941176 0.8036363636363636 0.8017647058823529 0.014545454545454545
0 0.5455882352941176 0.8184090909090909 0.8017647058823529 0.015
0 0.5444117647058824 0.8338636363636364 0.7994117647058824 0.015909090909090907
