0 0.5470588235294118 0.4702272727272727 0.7917647058823529 0.017727272727272727
0 0.5464705882352942 0.48704545454545456 0.7835294117647059 0.014090909090909091
0 0.5488235294117647 0.5015909090909091 0.7858823529411765 0.014090909090909091
0 0.5488235294117647 0.5163636363636364 0.7905882352941176 0.02
0 0.5514705882352942 0.5338636363636363 0.7852941176470588 0.013181818181818182
0 0.5505882352941176 0.5459090909090909 0.7952941176470588 0.01818181818181818
0 0.5447058823529412 0.5602272727272727 0.7976470588235294 0.018636363636363635
0 0.5461764705882353 0.5754545454545454 0.7958823529411765 0.01818181818181818
0 0.4864705882352941 0.5920454545454545 0.6670588235294118 0.015909090909090907
0 0.33794117647058824 0.6222727272727273 0.38529411764705884 0.012727272727272728
0 0.543235294117647 0.605 0.8076470588235294 0.017272727272727273
0 0.7414705882352941 0.6220454545454546 0.4041176470588235 0.015
0 0.33588235294117647 0.6372727272727273 0.38235294117647056 0.01818181818181818
0 0.3382352941176471 0.6538636363636363 0.38235294117647056 0.012272727272727272
0 0.3373529411764706 0.6665909090909091 0.38294117647058823 0.015909090909090907
0 0.3388235294117647 0.6804545454545454 0.38 0.014545454545454545
0 0.7408823529411764 0.6386363636363637 0.40176470588235297 0.015454545454545455
0 0.7420588235294118 0.6538636363636363 0.39705882352941174 0.014090909090909091
0 0.7414705882352941 0.6665909090909091 0.4052941176470588 0.014090909090909091
0 0.741764705882353 0.6806818181818182 0.4023529411764706 0.015909090909090907
0 0.5458823529411765 0.711590909090909 0.8070588235294117 0.015
0 0.5458823529411765 0.7290909090909091 0.8035294117647059 0.014545454545454545
0 0.5467647058823529 0.7452272727272727 0.8052941176470588 0.017727272727272727
0 0.545 0.7561363636363636 0.8088235294117647 0.015909090909090907
0 0.5435294117647059 0.7720454545454546 0.8070588235294117 0.017727272727272727
0 0.5405882352941176 0.7904545454545454 0.7941176470588235 0.014545454545454545
0 0.5438235294117647 0.8043181818181818 0.8052941176470588 0.014090909090909091
0 0.5455882352941176 0.8179545454545455 0.8052941176470588 0.015909090909090907
0 0.5470588235294118 0.8327272727272728 0.8035294117647059 0.014545454545454545
