0 0.5467647058823529 0.4684090909090909 0.7947058823529412 0.015
0 0.5458823529411765 0.4827272727272727 0.7917647058823529 0.016363636363636365
0 0.5458823529411765 0.4984090909090909 0.7917647058823529 0.015
0 0.5464705882352942 0.5143181818181818 0.7917647058823529 0.01681818181818182
0 0.5458823529411765 0.5302272727272728 0.7917647058823529 0.013181818181818182
0 0.5452941176470588 0.5452272727272728 0.7894117647058824 0.013181818181818182
0 0.5602941176470588 0.5609090909090909 0.7629411764705882 0.008181818181818182
0 0.5452941176470588 0.5740909090909091 0.788235294117647 0.015454545454545455
0 0.48764705882352943 0.5911363636363637 0.6741176470588235 0.015
0 0.5473529411764706 0.6070454545454546 0.7935294117647059 0.013181818181818182
0 0.745 0.6209090909090909 0.3982352941176471 0.014545454545454545
0 0.7444117647058823 0.6359090909090909 0.39705882352941174 0.015454545454545455
0 0.7432352941176471 0.6506818181818181 0.39941176470588236 0.014090909090909091
0 0.7429411764705882 0.6659090909090909 0.3988235294117647 0.016363636363636365
0 0.7435294117647059 0.6815909090909091 0.39647058823529413 0.015
0 0.3391176470588235 0.6209090909090909 0.37823529411764706 0.011818181818181818
0 0.34088235294117647 0.6354545454545455 0.37823529411764706 0.015454545454545455
0 0.3397058823529412 0.6511363636363636 0.37588235294117645 0.015909090909090907
0 0.3411764705882353 0.6668181818181819 0.3764705882352941 0.015454545454545455
0 0.34 0.6822727272727273 0.37411764705882355 0.015454545454545455
0 0.5452941176470588 0.711590909090909 0.7952941176470588 0.014090909090909091
0 0.5452941176470588 0.7261363636363637 0.7952941176470588 0.015
0 0.5447058823529412 0.7422727272727273 0.7929411764705883 0.017272727272727273
0 0.5455882352941176 0.7581818181818182 0.7911764705882353 0.014545454545454545
0 0.5452941176470588 0.7731818181818182 0.7905882352941176 0.015454545454545455
0 0.5429411764705883 0.7877272727272727 0.7952941176470588 0.013636363636363636
0 0.543235294117647 0.8027272727272727 0.7958823529411765 0.016363636363636365
0 0.5444117647058824 0.8175 0.7911764705882353 0.013181818181818182
0 0.5455882352941176 0.8325 0.7935294117647059 0.017727272727272727
