0 0.5408823529411765 0.46886363636363637 0.8005882352941176 0.015909090909090907
0 0.5385294117647059 0.4863636363636364 0.7911764705882353 0.015454545454545455
0 0.5402941176470588 0.5006818181818182 0.7947058823529412 0.013181818181818182
0 0.54 0.5143181818181818 0.7941176470588235 0.014090909090909091
0 0.5414705882352941 0.5302272727272728 0.7970588235294118 0.017727272727272727
0 0.5408823529411765 0.5459090909090909 0.7958823529411765 0.013636363636363636
0 0.5411764705882353 0.5604545454545454 0.7964705882352942 0.015454545454545455
0 0.5188235294117647 0.5768181818181818 0.7458823529411764 0.005454545454545455
0 0.4835294117647059 0.5918181818181818 0.6764705882352942 0.014545454545454545
0 0.5408823529411765 0.6070454545454546 0.7923529411764706 0.011363636363636364
0 0.3373529411764706 0.6202272727272727 0.3876470588235294 0.01681818181818182
0 0.33794117647058824 0.6365909090909091 0.3864705882352941 0.015909090909090907
0 0.3373529411764706 0.6534090909090909 0.38529411764705884 0.017727272727272727
0 0.33794117647058824 0.668409090909091 0.3841176470588235 0.012272727272727272
0 0.3391176470588235 0.6825 0.3864705882352941 0.015909090909090907
0 0.7429411764705882 0.6211363636363636 0.4011764705882353 0.015
0 0.7435294117647059 0.6359090909090909 0.3988235294117647 0.014545454545454545
0 0.7452941176470588 0.6515909090909091 0.4023529411764706 0.01681818181818182
0 0.745 0.6672727272727272 0.40176470588235297 0.014545454545454545
0 0.7441176470588236 0.6829545454545455 0.4 0.01681818181818182
0 0.5417647058823529 0.7147727272727272 0.8011764705882353 0.012272727272727272
0 0.543235294117647 0.7286363636363636 0.798235294117647 0.014545454545454545
0 0.543235294117647 0.7422727272727273 0.798235294117647 0.012727272727272728
0 0.5429411764705883 0.7559090909090909 0.7988235294117647 0.014545454545454545
0 0.5420588235294118 0.7704545454545455 0.7970588235294118 0.014545454545454545
0 0.5423529411764706 0.7861363636363636 0.7976470588235294 0.015909090909090907
0 0.5420588235294118 0.8025 0.7970588235294118 0.01681818181818182
0 0.5414705882352941 0.82 0.7970588235294118 0.014545454545454545
0 0.5414705882352941 0.8331818181818181 0.7970588235294118 0.011818181818181818
