0 0.5464705882352942 0.4697727272727273 0.7917647058823529 0.015
0 0.5473529411764706 0.48545454545454547 0.7923529411764706 0.015454545454545455
0 0.5467647058823529 0.5006818181818182 0.7876470588235294 0.014090909090909091
0 0.5476470588235294 0.5156818181818181 0.7870588235294118 0.015
0 0.5485294117647059 0.5311363636363636 0.7888235294117647 0.015909090909090907
0 0.5473529411764706 0.5470454545454545 0.7911764705882353 0.015909090909090907
0 0.5476470588235294 0.5625 0.7917647058823529 0.015
0 0.548235294117647 0.5770454545454545 0.7905882352941176 0.014090909090909091
0 0.48911764705882355 0.5909090909090909 0.6723529411764706 0.013636363636363636
0 0.5488235294117647 0.6077272727272728 0.7858823529411765 0.015454545454545455
0 0.7455882352941177 0.6238636363636364 0.3935294117647059 0.01681818181818182
0 0.7470588235294118 0.6393181818181818 0.39647058823529413 0.014090909090909091
0 0.7470588235294118 0.6520454545454546 0.3952941176470588 0.011363636363636364
0 0.7467647058823529 0.6647727272727273 0.3947058823529412 0.014090909090909091
0 0.7458823529411764 0.68 0.3952941176470588 0.016363636363636365
0 0.3426470588235294 0.6243181818181818 0.3735294117647059 0.012272727272727272
0 0.34352941176470586 0.6386363636363637 0.37176470588235294 0.016363636363636365
0 0.3426470588235294 0.6536363636363637 0.37 0.013636363636363636
0 0.34205882352941175 0.6670454545454545 0.3711764705882353 0.013181818181818182
0 0.34352941176470586 0.6829545454545455 0.37411764705882355 0.018636363636363635
0 0.34441176470588236 0.6929545454545455 0.3723529411764706 0.0013636363636363637
0 0.5464705882352942 0.7127272727272728 0.788235294117647 0.012727272727272728
0 0.5473529411764706 0.7261363636363637 0.7852941176470588 0.014090909090909091
0 0.5485294117647059 0.7413636363636363 0.7876470588235294 0.016363636363636365
0 0.5408823529411765 0.7604545454545455 0.7805882352941177 0.016363636363636365
0 0.5455882352941176 0.7752272727272728 0.79 0.013181818181818182
0 0.5464705882352942 0.7902272727272728 0.7894117647058824 0.014090909090909091
0 0.5473529411764706 0.8040909090909091 0.7911764705882353 0.013636363636363636
0 0.545 0.8188636363636363 0.7935294117647059 0.015909090909090907
0 0.5447058823529412 0.8338636363636364 0.7929411764705883 0.014090909090909091
