0 0.5461764705882353 0.46954545454545454 0.798235294117647 0.014545454545454545
0 0.5488235294117647 0.4847727272727273 0.7905882352941176 0.015909090909090907
0 0.5488235294117647 0.5002272727272727 0.7870588235294118 0.014090909090909091
0 0.5355882352941177 0.5186363636363637 0.7547058823529412 0.01090909090909091
0 0.5520588235294117 0.5315909090909091 0.7852941176470588 0.014090909090909091
0 0.5473529411764706 0.5454545454545454 0.7947058823529412 0.013636363636363636
0 0.5467647058823529 0.5618181818181818 0.79 0.013636363636363636
0 0.5497058823529412 0.5768181818181818 0.7841176470588235 0.016363636363636365
0 0.4923529411764706 0.5918181818181818 0.6694117647058824 0.013636363636363636
0 0.49205882352941177 0.605 0.67 0.012727272727272728
0 0.34294117647058825 0.6197727272727273 0.37176470588235294 0.01681818181818182
0 0.33941176470588236 0.6354545454545455 0.3788235294117647 0.014545454545454545
0 0.35058823529411764 0.6522727272727272 0.3588235294117647 0.01
0 0.2888235294117647 0.6677272727272727 0.27294117647058824 0.016363636363636365
0 0.33676470588235297 0.6809090909090909 0.38176470588235295 0.014545454545454545
0 0.7408823529411764 0.6197727272727273 0.40176470588235297 0.014090909090909091
0 0.7408823529411764 0.6352272727272728 0.40176470588235297 0.01681818181818182
0 0.7402941176470588 0.6513636363636364 0.40058823529411763 0.015454545454545455
0 0.6841176470588235 0.6713636363636364 0.28 0.023636363636363636
0 0.5435294117647059 0.7125 0.7952941176470588 0.01681818181818182
0 0.5426470588235294 0.7275 0.7958823529411765 0.013181818181818182
0 0.5420588235294118 0.7420454545454546 0.7947058823529412 0.015909090909090907
0 0.5438235294117647 0.7579545454545454 0.7958823529411765 0.014090909090909091
0 0.5408823529411765 0.7729545454545454 0.79 0.015
0 0.5861764705882353 0.7875 0.7064705882352941 0.014090909090909091
0 0.6267647058823529 0.7993181818181818 0.6194117647058823 0.005909090909090909
0 0.5435294117647059 0.8040909090909091 0.7941176470588235 0.013636363636363636
0 0.545 0.8188636363636363 0.7923529411764706 0.013181818181818182
0 0.5441176470588235 0.8340909090909091 0.7952941176470588 0.016363636363636365
