0 0.5461764705882353 0.47 0.798235294117647 0.016363636363636365
0 0.5438235294117647 0.48613636363636364 0.8029411764705883 0.015909090909090907
0 0.545 0.5009090909090909 0.8052941176470588 0.013636363636363636
0 0.5452941176470588 0.5156818181818181 0.8035294117647059 0.015909090909090907
0 0.5447058823529412 0.5306818181818181 0.8023529411764706 0.014090909090909091
0 0.545 0.5447727272727273 0.8005882352941176 0.014090909090909091
0 0.5455882352941176 0.56 0.8017647058823529 0.016363636363636365
0 0.5423529411764706 0.5754545454545454 0.808235294117647 0.014545454545454545
0 0.4808823529411765 0.5911363636363637 0.6852941176470588 0.01681818181818182
0 0.48176470588235293 0.6063636363636363 0.6835294117647058 0.013636363636363636
0 0.33441176470588235 0.6240909090909091 0.3864705882352941 0.01818181818181818
0 0.3347058823529412 0.639090909090909 0.38588235294117645 0.011818181818181818
0 0.335 0.6522727272727272 0.3864705882352941 0.014545454545454545
0 0.33705882352941174 0.6677272727272727 0.38235294117647056 0.016363636363636365
0 0.3382352941176471 0.6822727272727273 0.3847058823529412 0.012727272727272728
0 0.7429411764705882 0.6206818181818182 0.3952941176470588 0.012272727272727272
0 0.7438235294117647 0.6361363636363636 0.3947058823529412 0.018636363636363635
0 0.7441176470588236 0.6522727272727272 0.3952941176470588 0.013636363636363636
0 0.7452941176470588 0.6672727272727272 0.39294117647058824 0.017272727272727273
0 0.7461764705882353 0.6822727272727273 0.3947058823529412 0.012727272727272728
0 0.5447058823529412 0.7136363636363636 0.7929411764705883 0.01
0 0.5455882352941176 0.7263636363636363 0.7923529411764706 0.016363636363636365
0 0.545 0.7420454545454546 0.7911764705882353 0.015
0 0.5435294117647059 0.7577272727272727 0.7952941176470588 0.017272727272727273
0 0.543235294117647 0.7736363636363637 0.7947058823529412 0.014545454545454545
0 0.5420588235294118 0.7886363636363637 0.7958823529411765 0.015454545454545455
0 0.5426470588235294 0.8040909090909091 0.7970588235294118 0.015454545454545455
0 0.5414705882352941 0.8188636363636363 0.7947058823529412 0.015
0 0.5447058823529412 0.8336363636363636 0.8011764705882353 0.014545454545454545
