0 0.5444234404536862 0.47005988023952094 0.8015122873345936 0.017964071856287425
0 0.5444234404536862 0.4868263473053892 0.8015122873345936 0.015568862275449102
0 0.5453686200378072 0.5005988023952096 0.8034026465028355 0.011976047904191617
0 0.5434782608695652 0.5149700598802395 0.8071833648393195 0.016766467065868262
0 0.5444234404536862 0.5305389221556887 0.8090737240075614 0.01437125748502994
0 0.5415879017013232 0.5455089820359281 0.8147448015122873 0.015568862275449102
0 0.5406427221172023 0.5598802395209581 0.8128544423440454 0.013173652694610778
0 0.5453686200378072 0.574251497005988 0.8034026465028355 0.015568862275449102
0 0.4839319470699433 0.5898203592814372 0.6805293005671077 0.015568862275449102
0 0.5444234404536862 0.6053892215568862 0.8015122873345936 0.013173652694610778
0 0.33742911153119093 0.6197604790419161 0.391304347826087 0.015568862275449102
0 0.7448015122873346 0.6209580838323353 0.4007561436672968 0.013173652694610778
0 0.3383742911153119 0.6365269461077845 0.3856332703213611 0.015568862275449102
0 0.3383742911153119 0.651497005988024 0.3856332703213611 0.01437125748502994
0 0.3383742911153119 0.6664670658682634 0.3856332703213611 0.015568862275449102
0 0.3383742911153119 0.6826347305389222 0.3856332703213611 0.016766467065868262
0 0.7448015122873346 0.637125748502994 0.4007561436672968 0.01437125748502994
0 0.7438563327032136 0.651497005988024 0.3988657844990548 0.01437125748502994
0 0.7438563327032136 0.667065868263473 0.3988657844990548 0.016766467065868262
0 0.7419659735349716 0.6808383233532934 0.3950850661625709 0.010778443113772455
0 0.5434782608695652 0.7101796407185629 0.7996219281663516 0.016766467065868262
0 0.5444234404536862 0.7269461077844311 0.7977315689981096 0.016766467065868262
0 0.5444234404536862 0.7425149700598802 0.7977315689981096 0.01437125748502994
0 0.5434782608695652 0.7598802395209581 0.7958412098298677 0.017964071856287425
0 0.5434782608695652 0.7748502994011977 0.7958412098298677 0.011976047904191617
0 0.5434782608695652 0.7886227544910179 0.7958412098298677 0.015568862275449102
0 0.5444234404536862 0.8029940119760479 0.7977315689981096 0.013173652694610778
0 0.5444234404536862 0.818562874251497 0.7977315689981096 0.017964071856287425
0 0.5444234404536862 0.8335329341317366 0.7977315689981096 0.011976047904191617
