0 0.546875 0.4688601645123384 0.8033088235294118 0.01645123384253819
0 0.546875 0.48472385428907167 0.8033088235294118 0.01527614571092832
0 0.5459558823529411 0.4994124559341951 0.8014705882352942 0.01410105757931845
0 0.546875 0.5141010575793185 0.7996323529411765 0.01527614571092832
0 0.546875 0.5287896592244419 0.7996323529411765 0.01410105757931845
0 0.5459558823529411 0.5440658049353702 0.8014705882352942 0.01645123384253819
0 0.5459558823529411 0.5581668625146886 0.8014705882352942 0.011750881316098707
0 0.546875 0.5746180963572268 0.7996323529411765 0.01880141010575793
0 0.484375 0.5910693301997649 0.6746323529411765 0.01410105757931845
0 0.48253676470588236 0.6069330199764983 0.6746323529411765 0.01762632197414806
0 0.33639705882352944 0.6222091656874266 0.38235294117647056 0.012925969447708578
0 0.33639705882352944 0.63572267920094 0.38235294117647056 0.01410105757931845
0 0.3382352941176471 0.6527614571092832 0.38235294117647056 0.012925969447708578
0 0.3400735294117647 0.6680376028202115 0.3786764705882353 0.012925969447708578
0 0.3400735294117647 0.6809635722679201 0.3786764705882353 0.012925969447708578
0 0.7417279411764706 0.6222091656874266 0.39889705882352944 0.012925969447708578
0 0.7408088235294118 0.63572267920094 0.4007352941176471 0.01410105757931845
0 0.7408088235294118 0.6509988249118684 0.4007352941176471 0.01645123384253819
0 0.7408088235294118 0.6668625146886017 0.4007352941176471 0.01527614571092832
0 0.7408088235294118 0.6803760282021152 0.4007352941176471 0.011750881316098707
0 0.546875 0.7121034077555817 0.8033088235294118 0.01410105757931845
0 0.5459558823529411 0.7267920094007051 0.8051470588235294 0.01527614571092832
0 0.5422794117647058 0.7420681551116334 0.7977941176470589 0.012925969447708578
0 0.5422794117647058 0.7561692126909518 0.7941176470588235 0.01527614571092832
0 0.5450367647058824 0.77262044653349 0.7996323529411765 0.01762632197414806
0 0.5441176470588235 0.7890716803760282 0.8014705882352942 0.01527614571092832
0 0.5450367647058824 0.8037602820211516 0.8033088235294118 0.01410105757931845
0 0.5431985294117647 0.8172737955346651 0.8069852941176471 0.01527614571092832
0 0.5422794117647058 0.8325499412455935 0.8051470588235294 0.01527614571092832
0 0.8648897058823529 0.8484136310223267 0.15992647058823528 0.01645123384253819
