0 0.5452941176470588 0.4697727272727273 0.7905882352941176 0.015909090909090907
0 0.5467647058823529 0.48545454545454547 0.7911764705882353 0.013636363636363636
0 0.5455882352941176 0.5 0.7947058823529412 0.017272727272727273
0 0.5467647058823529 0.5156818181818181 0.7947058823529412 0.014090909090909091
0 0.5464705882352942 0.5315909090909091 0.7917647058823529 0.015909090909090907
0 0.5467647058823529 0.5463636363636364 0.7958823529411765 0.014545454545454545
0 0.5488235294117647 0.5609090909090909 0.7894117647058824 0.012727272727272728
0 0.5502941176470588 0.5754545454545454 0.79 0.013636363636363636
0 0.49 0.5918181818181818 0.6658823529411765 0.016363636363636365
0 0.5458823529411765 0.6072727272727273 0.7905882352941176 0.012727272727272728
0 0.34205882352941175 0.6218181818181818 0.37823529411764706 0.01090909090909091
0 0.7420588235294118 0.6220454545454546 0.3982352941176471 0.012272727272727272
0 0.3402941176470588 0.6356818181818182 0.3735294117647059 0.015909090909090907
0 0.7420588235294118 0.6372727272727273 0.3982352941176471 0.015454545454545455
0 0.7429411764705882 0.6536363636363637 0.4 0.014545454545454545
0 0.3397058823529412 0.6529545454545455 0.37470588235294117 0.012272727272727272
0 0.34058823529411764 0.6679545454545455 0.3764705882352941 0.013181818181818182
0 0.7420588235294118 0.668409090909091 0.40058823529411763 0.012272727272727272
0 0.34058823529411764 0.6827272727272727 0.38 0.014545454545454545
0 0.74 0.6820454545454545 0.40352941176470586 0.015
0 0.5426470588235294 0.7118181818181818 0.7911764705882353 0.014545454545454545
0 0.5429411764705883 0.7268181818181818 0.7941176470588235 0.013636363636363636
0 0.545 0.7427272727272727 0.79 0.014545454545454545
0 0.5405882352941176 0.7568181818181818 0.7976470588235294 0.012727272727272728
0 0.5452941176470588 0.7727272727272727 0.7964705882352942 0.014545454545454545
0 0.5455882352941176 0.7879545454545455 0.7911764705882353 0.013181818181818182
0 0.5423529411764706 0.8036363636363636 0.7929411764705883 0.013636363636363636
0 0.545 0.8172727272727273 0.7935294117647059 0.012727272727272728
0 0.5470588235294118 0.8329545454545455 0.7964705882352942 0.014090909090909091
