0 0.5405940594059406 0.46981776765375854 0.8 0.014806378132118452
0 0.5376237623762377 0.48405466970387245 0.805940594059406 0.01366742596810934
0 0.5396039603960396 0.5 0.80990099009901 0.018223234624145785
0 0.5356435643564357 0.515375854214123 0.8178217821782178 0.012528473804100227
0 0.5346534653465347 0.5290432801822323 0.8158415841584158 0.014806378132118452
0 0.5445544554455446 0.5438496583143508 0.7960396039603961 0.014806378132118452
0 0.5455445544554456 0.5597949886104784 0.7980198019801981 0.017084282460136675
0 0.5445544554455446 0.5757403189066059 0.8 0.014806378132118452
0 0.48316831683168315 0.5899772209567198 0.6772277227722773 0.01366742596810934
0 0.5405940594059406 0.6047835990888383 0.7960396039603961 0.01366742596810934
0 0.7396039603960396 0.6207289293849658 0.39801980198019804 0.018223234624145785
0 0.7376237623762376 0.6366742596810934 0.3940594059405941 0.01366742596810934
0 0.7366336633663366 0.6520501138952164 0.39603960396039606 0.017084282460136675
0 0.7366336633663366 0.6668564920273349 0.39603960396039606 0.012528473804100227
0 0.7356435643564356 0.6799544419134397 0.39801980198019804 0.01366742596810934
0 0.33762376237623765 0.6212984054669703 0.3821782178217822 0.0193621867881549
0 0.33861386138613864 0.6372437357630979 0.3801980198019802 0.012528473804100227
0 0.33762376237623765 0.6509111617312073 0.3782178217821782 0.014806378132118452
0 0.33861386138613864 0.6662870159453302 0.37623762376237624 0.015945330296127564
0 0.33762376237623765 0.6805239179954442 0.37425742574257426 0.012528473804100227
0 0.5405940594059406 0.7107061503416856 0.7960396039603961 0.02050113895216401
0 0.5425742574257426 0.7283599088838268 0.7920792079207921 0.014806378132118452
0 0.5425742574257426 0.7431662870159453 0.7920792079207921 0.012528473804100227
0 0.5445544554455446 0.7579726651480638 0.7881188118811882 0.017084282460136675
0 0.5455445544554456 0.7739179954441914 0.7900990099009901 0.014806378132118452
0 0.5425742574257426 0.7887243735763098 0.7960396039603961 0.014806378132118452
0 0.5425742574257426 0.8035307517084282 0.7960396039603961 0.014806378132118452
0 0.5425742574257426 0.8189066059225513 0.7960396039603961 0.015945330296127564
0 0.5425742574257426 0.8348519362186788 0.7960396039603961 0.015945330296127564
