0 0.5403225806451613 0.4694835680751174 0.8082437275985663 0.014084507042253521
0 0.5439068100358423 0.4841549295774648 0.8010752688172043 0.012910798122065728
0 0.5448028673835126 0.4988262910798122 0.7921146953405018 0.014084507042253521
0 0.5456989247311828 0.5140845070422535 0.7903225806451613 0.01643192488262911
0 0.543010752688172 0.5299295774647887 0.7921146953405018 0.015258215962441314
0 0.546594982078853 0.5434272300469484 0.7992831541218638 0.014084507042253521
0 0.5456989247311828 0.5580985915492958 0.7939068100358423 0.017605633802816902
0 0.543010752688172 0.573943661971831 0.7956989247311828 0.01643192488262911
0 0.48655913978494625 0.5880281690140845 0.6792114695340502 0.018779342723004695
0 0.5456989247311828 0.6056338028169014 0.7903225806451613 0.01643192488262911
0 0.34050179211469533 0.6203051643192489 0.3835125448028674 0.015258215962441314
0 0.3387096774193548 0.6338028169014085 0.3835125448028674 0.014084507042253521
0 0.3387096774193548 0.6496478873239436 0.3870967741935484 0.015258215962441314
0 0.3387096774193548 0.6660798122065728 0.3870967741935484 0.015258215962441314
0 0.34050179211469533 0.681924882629108 0.3835125448028674 0.011737089201877934
0 0.7410394265232975 0.6203051643192489 0.4032258064516129 0.012910798122065728
0 0.7419354838709677 0.6338028169014085 0.4050179211469534 0.01643192488262911
0 0.742831541218638 0.6484741784037559 0.4032258064516129 0.015258215962441314
0 0.7419354838709677 0.6643192488262911 0.40860215053763443 0.018779342723004695
0 0.7419354838709677 0.6801643192488263 0.3978494623655914 0.017605633802816902
0 0.5448028673835126 0.7112676056338029 0.7992831541218638 0.014084507042253521
0 0.5421146953405018 0.727112676056338 0.8010752688172043 0.015258215962441314
0 0.543010752688172 0.7417840375586855 0.7992831541218638 0.014084507042253521
0 0.5421146953405018 0.755868544600939 0.7974910394265233 0.018779342723004695
0 0.5421146953405018 0.7723004694835681 0.7974910394265233 0.014084507042253521
0 0.5403225806451613 0.7869718309859155 0.7974910394265233 0.012910798122065728
0 0.5421146953405018 0.8028169014084507 0.7974910394265233 0.01643192488262911
0 0.543010752688172 0.818075117370892 0.7992831541218638 0.014084507042253521
0 0.5412186379928315 0.8321596244131455 0.8028673835125448 0.014084507042253521
