0 0.5455882352941176 0.47 0.7970588235294118 0.014545454545454545
0 0.5464705882352942 0.48545454545454547 0.7941176470588235 0.013636363636363636
0 0.5470588235294118 0.4990909090909091 0.7988235294117647 0.017272727272727273
0 0.5458823529411765 0.515 0.8047058823529412 0.014545454545454545
0 0.5452941176470588 0.5309090909090909 0.8035294117647059 0.017272727272727273
0 0.5505882352941176 0.5468181818181819 0.8 0.012727272727272728
0 0.5520588235294117 0.5604545454545454 0.8017647058823529 0.014545454545454545
0 0.5470588235294118 0.5763636363636364 0.7905882352941176 0.013636363636363636
0 0.4902941176470588 0.5909090909090909 0.6688235294117647 0.012727272727272728
0 0.5479411764705883 0.6047727272727272 0.7864705882352941 0.013181818181818182
0 0.34352941176470586 0.6218181818181818 0.38 0.015454545454545455
0 0.34 0.6361363636363636 0.38 0.015
0 0.3388235294117647 0.6520454545454546 0.3776470588235294 0.013181818181818182
0 0.34088235294117647 0.6668181818181819 0.3735294117647059 0.013636363636363636
0 0.33941176470588236 0.6806818181818182 0.38 0.015909090909090907
0 0.7423529411764705 0.62 0.4 0.014545454545454545
0 0.7441176470588236 0.6365909090909091 0.3988235294117647 0.015
0 0.7429411764705882 0.6522727272727272 0.3976470588235294 0.013636363636363636
0 0.7426470588235294 0.6668181818181819 0.39588235294117646 0.013636363636363636
0 0.7423529411764705 0.6811363636363637 0.39647058823529413 0.014090909090909091
0 0.5467647058823529 0.7109090909090909 0.7935294117647059 0.012727272727272728
0 0.5458823529411765 0.7275 0.7988235294117647 0.015
0 0.5435294117647059 0.7427272727272727 0.8023529411764706 0.016363636363636365
0 0.5435294117647059 0.7581818181818182 0.7988235294117647 0.011818181818181818
0 0.545 0.7734090909090909 0.8029411764705883 0.015909090909090907
0 0.5423529411764706 0.7890909090909091 0.8023529411764706 0.013636363636363636
0 0.5423529411764706 0.8043181818181818 0.8023529411764706 0.01681818181818182
0 0.5411764705882353 0.8193181818181818 0.7988235294117647 0.012272727272727272
0 0.5429411764705883 0.835 0.7976470588235294 0.013636363636363636
