0 0.5456852791878173 0.4688279301745636 0.7969543147208121 0.014962593516209476
0 0.5465313028764806 0.4844139650872818 0.7952622673434856 0.016209476309226933
0 0.5482233502538071 0.4981296758104738 0.7986463620981388 0.011221945137157107
0 0.5456852791878173 0.5130922693266833 0.7935702199661591 0.018703241895261846
0 0.544839255499154 0.5293017456359103 0.7952622673434856 0.01371571072319202
0 0.5456852791878173 0.543640897755611 0.7969543147208121 0.014962593516209476
0 0.544839255499154 0.5592269326683291 0.7952622673434856 0.016209476309226933
0 0.5490693739424704 0.5748129675810474 0.8037225042301185 0.014962593516209476
0 0.550761421319797 0.5891521197007481 0.8003384094754653 0.016209476309226933
0 0.5482233502538071 0.6047381546134664 0.7952622673434856 0.014962593516209476
0 0.7428087986463621 0.6203241895261845 0.40609137055837563 0.016209476309226933
0 0.7428087986463621 0.6359102244389028 0.40609137055837563 0.014962593516209476
0 0.7478849407783418 0.6521197007481296 0.39593908629441626 0.017456359102244388
0 0.748730964467005 0.6677057356608479 0.3976311336717428 0.01371571072319202
0 0.7461928934010152 0.6839152119700748 0.4027072758037225 0.018703241895261846
0 0.3392554991539763 0.6221945137157108 0.377326565143824 0.014962593516209476
0 0.338409475465313 0.6359102244389028 0.3756345177664975 0.012468827930174564
0 0.3409475465313029 0.6496259351620948 0.377326565143824 0.014962593516209476
0 0.33671742808798644 0.6639650872817955 0.3824027072758037 0.018703241895261846
0 0.33587140439932317 0.6814214463840399 0.3840947546531303 0.016209476309226933
0 0.5406091370558376 0.7100997506234414 0.7969543147208121 0.018703241895261846
0 0.5431472081218274 0.726932668329177 0.7986463620981388 0.014962593516209476
0 0.544839255499154 0.7418952618453866 0.7952622673434856 0.012468827930174564
0 0.5414551607445008 0.7549875311720698 0.7986463620981388 0.01371571072319202
0 0.5406091370558376 0.770573566084788 0.8003384094754653 0.017456359102244388
0 0.5397631133671743 0.786783042394015 0.8020304568527918 0.014962593516209476
0 0.5397631133671743 0.8029925187032418 0.7986463620981388 0.017456359102244388
0 0.5414551607445008 0.8173316708229427 0.8121827411167513 0.016209476309226933
0 0.5431472081218274 0.8310473815461347 0.8121827411167513 0.016209476309226933
