0 0.5447058823529412 0.4697727272727273 0.7894117647058824 0.015
0 0.5452941176470588 0.4847727272727273 0.7929411764705883 0.013181818181818182
0 0.5455882352941176 0.49977272727272726 0.79 0.01681818181818182
0 0.5458823529411765 0.5154545454545455 0.7905882352941176 0.014545454545454545
0 0.5464705882352942 0.5297727272727273 0.7894117647058824 0.014090909090909091
0 0.548235294117647 0.545 0.7929411764705883 0.016363636363636365
0 0.5426470588235294 0.5606818181818182 0.8041176470588235 0.015
0 0.545 0.5768181818181818 0.8088235294117647 0.017272727272727273
0 0.5476470588235294 0.5920454545454545 0.8035294117647059 0.013181818181818182
0 0.5476470588235294 0.6065909090909091 0.7941176470588235 0.015
0 0.7438235294117647 0.6236363636363637 0.39941176470588236 0.015454545454545455
0 0.7429411764705882 0.6375 0.3976470588235294 0.012272727272727272
0 0.7408823529411764 0.6529545454545455 0.3982352941176471 0.018636363636363635
0 0.7420588235294118 0.6675 0.40058823529411763 0.010454545454545454
0 0.7420588235294118 0.6804545454545454 0.39588235294117646 0.01818181818181818
0 0.33705882352941174 0.6231818181818182 0.38588235294117645 0.016363636363636365
0 0.3391176470588235 0.6381818181818182 0.38176470588235295 0.013636363636363636
0 0.3382352941176471 0.6527272727272727 0.38 0.015454545454545455
0 0.3373529411764706 0.6675 0.38176470588235295 0.014090909090909091
0 0.3376470588235294 0.6806818181818182 0.38235294117647056 0.012272727272727272
0 0.543235294117647 0.71 0.7958823529411765 0.016363636363636365
0 0.5420588235294118 0.7286363636363636 0.7935294117647059 0.01818181818181818
0 0.5438235294117647 0.7440909090909091 0.7970588235294118 0.012727272727272728
0 0.5444117647058824 0.7577272727272727 0.7958823529411765 0.014545454545454545
0 0.5461764705882353 0.7736363636363637 0.7994117647058824 0.017272727272727273
0 0.545 0.79 0.8017647058823529 0.015454545454545455
0 0.545 0.8025 0.8005882352941176 0.010454545454545454
0 0.543235294117647 0.8163636363636364 0.7994117647058824 0.017272727272727273
0 0.5420588235294118 0.8327272727272728 0.7970588235294118 0.015454545454545455
