0 0.5467647058823529 0.4706818181818182 0.7970588235294118 0.015
0 0.5452941176470588 0.48545454545454547 0.7964705882352942 0.013636363636363636
0 0.5464705882352942 0.4993181818181818 0.7941176470588235 0.014090909090909091
0 0.5473529411764706 0.5138636363636364 0.7923529411764706 0.014090909090909091
0 0.5479411764705883 0.5286363636363637 0.7935294117647059 0.015454545454545455
0 0.5473529411764706 0.5438636363636363 0.7947058823529412 0.015909090909090907
0 0.5511764705882353 0.5604545454545454 0.8047058823529412 0.016363636363636365
0 0.5476470588235294 0.5770454545454545 0.7929411764705883 0.013181818181818182
0 0.4879411764705882 0.5904545454545455 0.6711764705882353 0.015454545454545455
0 0.5423529411764706 0.6043181818181819 0.7952941176470588 0.012272727272727272
0 0.33647058823529413 0.6209090909090909 0.38235294117647056 0.016363636363636365
0 0.7420588235294118 0.62 0.40176470588235297 0.019090909090909092
0 0.3361764705882353 0.6359090909090909 0.38529411764705884 0.016363636363636365
0 0.7405882352941177 0.6388636363636364 0.3988235294117647 0.015
0 0.741764705882353 0.6540909090909091 0.4 0.013636363636363636
0 0.7426470588235294 0.6681818181818182 0.39705882352941174 0.01
0 0.7432352941176471 0.68 0.40294117647058825 0.015454545454545455
0 0.335 0.6513636363636364 0.3841176470588235 0.013636363636363636
0 0.33705882352941174 0.6663636363636364 0.3835294117647059 0.015454545454545455
0 0.3376470588235294 0.6827272727272727 0.38235294117647056 0.013636363636363636
0 0.5429411764705883 0.7106818181818182 0.7976470588235294 0.015
0 0.5441176470588235 0.7272727272727273 0.7988235294117647 0.012727272727272728
0 0.5461764705882353 0.7411363636363636 0.7970588235294118 0.015
0 0.5447058823529412 0.7572727272727273 0.8047058823529412 0.017272727272727273
0 0.5444117647058824 0.7729545454545454 0.8017647058823529 0.012272727272727272
0 0.5461764705882353 0.788409090909091 0.8017647058823529 0.015909090909090907
0 0.5452941176470588 0.8043181818181818 0.8070588235294117 0.013181818181818182
0 0.5473529411764706 0.8190909090909091 0.8041176470588235 0.013636363636363636
0 0.5435294117647059 0.8325 0.8047058823529412 0.013181818181818182
