0 0.5467647058823529 0.4697727272727273 0.7923529411764706 0.015909090909090907
0 0.548235294117647 0.48454545454545456 0.7894117647058824 0.013636363636363636
0 0.5461764705882353 0.49886363636363634 0.7935294117647059 0.015909090909090907
0 0.5341176470588235 0.514090909090909 0.76 0.014545454545454545
0 0.5470588235294118 0.5297727272727273 0.7858823529411765 0.01681818181818182
0 0.5491176470588235 0.5459090909090909 0.7817647058823529 0.015454545454545455
0 0.5488235294117647 0.5613636363636364 0.7811764705882352 0.015454545454545455
0 0.5467647058823529 0.5763636363636364 0.7852941176470588 0.014545454545454545
0 0.4873529411764706 0.5906818181818182 0.6664705882352941 0.014090909090909091
0 0.5464705882352942 0.6027272727272728 0.7952941176470588 0.01818181818181818
0 0.7444117647058823 0.6209090909090909 0.39941176470588236 0.015454545454545455
0 0.7441176470588236 0.6361363636363636 0.3988235294117647 0.015
0 0.7441176470588236 0.6509090909090909 0.3988235294117647 0.014545454545454545
0 0.7441176470588236 0.6656818181818182 0.3988235294117647 0.015
0 0.7432352941176471 0.6806818181818182 0.40058823529411763 0.015
0 0.3382352941176471 0.6202272727272727 0.38235294117647056 0.015
0 0.3373529411764706 0.6354545454545455 0.3841176470588235 0.015454545454545455
0 0.3376470588235294 0.6513636363636364 0.3847058823529412 0.016363636363636365
0 0.3111764705882353 0.6677272727272727 0.31882352941176473 0.012727272727272728
0 0.34088235294117647 0.6804545454545454 0.3723529411764706 0.014545454545454545
0 0.545 0.7104545454545454 0.7911764705882353 0.014545454545454545
0 0.5455882352941176 0.725909090909091 0.7888235294117647 0.016363636363636365
0 0.5458823529411765 0.7413636363636363 0.7894117647058824 0.014545454545454545
0 0.5423529411764706 0.7577272727272727 0.7905882352941176 0.015454545454545455
0 0.5526470588235294 0.7736363636363637 0.7829411764705883 0.011818181818181818
0 0.5444117647058824 0.7879545454545455 0.7994117647058824 0.01681818181818182
0 0.5426470588235294 0.8038636363636363 0.7958823529411765 0.015
0 0.5438235294117647 0.8190909090909091 0.7935294117647059 0.015454545454545455
0 0.5444117647058824 0.8336363636363636 0.7947058823529412 0.012727272727272728
