0 0.5443840579710145 0.46986607142857145 0.7989130434782609 0.015625
0 0.5443840579710145 0.48549107142857145 0.7989130434782609 0.015625
0 0.5443840579710145 0.5 0.7989130434782609 0.013392857142857142
0 0.5443840579710145 0.5139508928571429 0.7989130434782609 0.014508928571428572
0 0.5443840579710145 0.5290178571428571 0.7989130434782609 0.015625
0 0.5443840579710145 0.5452008928571429 0.7989130434782609 0.016741071428571428
0 0.5443840579710145 0.5602678571428571 0.7989130434782609 0.013392857142857142
0 0.5443840579710145 0.5753348214285714 0.7989130434782609 0.016741071428571428
0 0.4846014492753623 0.5904017857142857 0.6793478260869565 0.013392857142857142
0 0.5434782608695652 0.6049107142857143 0.7934782608695652 0.013392857142857142
0 0.33605072463768115 0.62109375 0.3858695652173913 0.016741071428571428
0 0.3351449275362319 0.63671875 0.38768115942028986 0.012276785714285714
0 0.3351449275362319 0.6506696428571429 0.38768115942028986 0.015625
0 0.3351449275362319 0.6662946428571429 0.38768115942028986 0.015625
0 0.3351449275362319 0.6808035714285714 0.38768115942028986 0.013392857142857142
0 0.7409420289855072 0.6216517857142857 0.40217391304347827 0.015625
0 0.7409420289855072 0.6372767857142857 0.40217391304347827 0.015625
0 0.740036231884058 0.6517857142857143 0.4003623188405797 0.013392857142857142
0 0.740036231884058 0.6657366071428571 0.4003623188405797 0.014508928571428572
0 0.740036231884058 0.6796875 0.4003623188405797 0.013392857142857142
0 0.5416666666666666 0.7120535714285714 0.8007246376811594 0.013392857142857142
0 0.5416666666666666 0.7265625 0.8007246376811594 0.015625
0 0.5416666666666666 0.7433035714285714 0.8007246376811594 0.017857142857142856
0 0.542572463768116 0.7589285714285714 0.7989130434782609 0.015625
0 0.5443840579710145 0.7734375 0.802536231884058 0.013392857142857142
0 0.5443840579710145 0.7873883928571429 0.802536231884058 0.014508928571428572
0 0.542572463768116 0.8018973214285714 0.7989130434782609 0.014508928571428572
0 0.5443840579710145 0.8169642857142857 0.7952898550724637 0.015625
0 0.5434782608695652 0.8325892857142857 0.7934782608695652 0.015625
