0 0.5473529411764706 0.4693181818181818 0.8017647058823529 0.015
0 0.5464705882352942 0.48409090909090907 0.8035294117647059 0.014545454545454545
0 0.5464705882352942 0.5 0.8035294117647059 0.017272727272727273
0 0.5497058823529412 0.5156818181818181 0.7970588235294118 0.014090909090909091
0 0.5485294117647059 0.5302272727272728 0.7935294117647059 0.01681818181818182
0 0.5502941176470588 0.5452272727272728 0.7970588235294118 0.013181818181818182
0 0.5464705882352942 0.5595454545454546 0.7917647058823529 0.015454545454545455
0 0.5447058823529412 0.5754545454545454 0.7952941176470588 0.016363636363636365
0 0.48558823529411765 0.5909090909090909 0.6770588235294117 0.014545454545454545
0 0.5447058823529412 0.6054545454545455 0.7894117647058824 0.015454545454545455
0 0.3391176470588235 0.6218181818181818 0.38176470588235295 0.013636363636363636
0 0.33852941176470586 0.6361363636363636 0.37941176470588234 0.015
0 0.33852941176470586 0.6511363636363636 0.37941176470588234 0.015
0 0.3285294117647059 0.668409090909091 0.3488235294117647 0.011363636363636364
0 0.3423529411764706 0.6809090909090909 0.3764705882352941 0.013636363636363636
0 0.7411764705882353 0.6202272727272727 0.3988235294117647 0.014090909090909091
0 0.741764705882353 0.6359090909090909 0.3976470588235294 0.014545454545454545
0 0.741764705882353 0.6506818181818181 0.3988235294117647 0.015
0 0.7411764705882353 0.6656818181818182 0.4 0.015
0 0.7408823529411764 0.6811363636363637 0.39941176470588236 0.015909090909090907
0 0.5411764705882353 0.7109090909090909 0.7941176470588235 0.014545454545454545
0 0.5426470588235294 0.7263636363636363 0.8005882352941176 0.015454545454545455
0 0.5364705882352941 0.7429545454545454 0.7905882352941176 0.013181818181818182
0 0.5402941176470588 0.7570454545454546 0.798235294117647 0.015
