0 0.5452941176470588 0.4693181818181818 0.7964705882352942 0.01681818181818182
0 0.5452941176470588 0.4847727272727273 0.7976470588235294 0.015909090909090907
0 0.5455882352941176 0.4990909090909091 0.7994117647058824 0.015454545454545455
0 0.545 0.5147727272727273 0.8005882352941176 0.017727272727272727
0 0.5429411764705883 0.5302272727272728 0.7988235294117647 0.013181818181818182
0 0.5479411764705883 0.5463636363636364 0.7958823529411765 0.016363636363636365
0 0.5467647058823529 0.5611363636363637 0.7947058823529412 0.014090909090909091
0 0.5467647058823529 0.5747727272727273 0.7970588235294118 0.015
0 0.4852941176470588 0.5897727272727272 0.6741176470588235 0.015909090909090907
0 0.5461764705882353 0.605 0.7970588235294118 0.015454545454545455
0 0.3382352941176471 0.6202272727272727 0.38235294117647056 0.015
0 0.7405882352941177 0.6202272727272727 0.40352941176470586 0.015909090909090907
0 0.33647058823529413 0.6359090909090909 0.38235294117647056 0.017272727272727273
0 0.7426470588235294 0.6359090909090909 0.40176470588235297 0.017272727272727273
0 0.7411764705882353 0.6518181818181819 0.4047058823529412 0.015454545454545455
0 0.33794117647058824 0.6504545454545455 0.38294117647058823 0.013636363636363636
0 0.33941176470588236 0.665 0.3847058823529412 0.017272727272727273
0 0.7411764705882353 0.6668181818181819 0.4 0.015454545454545455
0 0.33647058823529413 0.6802272727272727 0.3788235294117647 0.01681818181818182
0 0.7397058823529412 0.68 0.4076470588235294 0.01818181818181818
0 0.5441176470588235 0.71 0.7905882352941176 0.01818181818181818
0 0.5461764705882353 0.7281818181818182 0.79 0.016363636363636365
0 0.5420588235294118 0.7427272727272727 0.7958823529411765 0.016363636363636365
0 0.543235294117647 0.7586363636363637 0.7935294117647059 0.015454545454545455
0 0.543235294117647 0.7729545454545454 0.7947058823529412 0.013181818181818182
0 0.5423529411764706 0.7881818181818182 0.7964705882352942 0.017272727272727273
0 0.5423529411764706 0.8031818181818182 0.7964705882352942 0.012727272727272728
0 0.5435294117647059 0.8186363636363636 0.7941176470588235 0.01818181818181818
0 0.5455882352941176 0.8331818181818181 0.798235294117647 0.01090909090909091
