0 0.5444117647058824 0.4684090909090909 0.8005882352941176 0.01681818181818182
0 0.5464705882352942 0.4838636363636364 0.7964705882352942 0.014090909090909091
0 0.5470588235294118 0.49977272727272726 0.7976470588235294 0.017727272727272727
0 0.5455882352941176 0.5163636363636364 0.7994117647058824 0.015454545454545455
0 0.5452941176470588 0.5306818181818181 0.7988235294117647 0.01681818181818182
0 0.5470588235294118 0.5472727272727272 0.8 0.012727272727272728
0 0.5461764705882353 0.5609090909090909 0.7947058823529412 0.014545454545454545
0 0.5458823529411765 0.5752272727272727 0.7941176470588235 0.014090909090909091
0 0.48470588235294115 0.5911363636363637 0.6741176470588235 0.01681818181818182
0 0.5485294117647059 0.6061363636363636 0.8017647058823529 0.013181818181818182
0 0.7467647058823529 0.62 0.4052941176470588 0.014545454545454545
0 0.34 0.6211363636363636 0.3847058823529412 0.018636363636363635
0 0.3397058823529412 0.6377272727272727 0.38529411764705884 0.014545454545454545
0 0.3411764705882353 0.6522727272727272 0.38823529411764707 0.014545454545454545
0 0.3411764705882353 0.6668181818181819 0.38823529411764707 0.014545454545454545
0 0.3397058823529412 0.6820454545454545 0.38529411764705884 0.015909090909090907
0 0.745 0.6343181818181818 0.4041176470588235 0.019545454545454546
0 0.7464705882352941 0.6540909090909091 0.3988235294117647 0.02
0 0.7464705882352941 0.6704545454545454 0.3976470588235294 0.011818181818181818
0 0.7241176470588235 0.6909090909090909 0.3552941176470588 0.02090909090909091
0 0.5411764705882353 0.7118181818181818 0.7917647058823529 0.014545454545454545
0 0.5426470588235294 0.7286363636363636 0.7888235294117647 0.019090909090909092
0 0.5444117647058824 0.7447727272727273 0.7923529411764706 0.013181818181818182
0 0.5447058823529412 0.7581818181818182 0.7917647058823529 0.013636363636363636
0 0.5438235294117647 0.774090909090909 0.7864705882352941 0.016363636363636365
0 0.5397058823529411 0.79 0.7947058823529412 0.015454545454545455
0 0.5420588235294118 0.8043181818181818 0.7935294117647059 0.014090909090909091
0 0.5032352941176471 0.8172727272727273 0.7276470588235294 0.015454545454545455
0 0.14794117647058824 0.8288636363636364 0.01 0.0022727272727272726
0 0.5417647058823529 0.831590909090909 0.7952941176470588 0.015909090909090907
