0 0.5464705882352942 0.47 0.7929411764705883 0.012727272727272728
0 0.5470588235294118 0.4843181818181818 0.7905882352941176 0.014090909090909091
0 0.5464705882352942 0.4993181818181818 0.7917647058823529 0.015909090909090907
0 0.5458823529411765 0.514090909090909 0.7905882352941176 0.013636363636363636
0 0.5458823529411765 0.5286363636363637 0.7894117647058824 0.015454545454545455
0 0.5458823529411765 0.5443181818181818 0.7894117647058824 0.015909090909090907
0 0.5447058823529412 0.5597727272727273 0.7917647058823529 0.015
0 0.5467647058823529 0.5745454545454546 0.7958823529411765 0.014545454545454545
0 0.5464705882352942 0.5909090909090909 0.7952941176470588 0.01818181818181818
0 0.5491176470588235 0.6075 0.8005882352941176 0.015
0 0.7476470588235294 0.6243181818181818 0.4082352941176471 0.011363636363636364
0 0.7494117647058823 0.6370454545454546 0.4117647058823529 0.014090909090909091
0 0.7473529411764706 0.6497727272727273 0.4158823529411765 0.011363636363636364
0 0.7464705882352941 0.6643181818181818 0.41294117647058826 0.017727272727272727
0 0.7491176470588236 0.6795454545454546 0.4076470588235294 0.012727272727272728
0 0.33705882352941174 0.6220454545454546 0.3764705882352941 0.013181818181818182
0 0.33705882352941174 0.6370454545454546 0.3764705882352941 0.01681818181818182
0 0.33794117647058824 0.6538636363636363 0.37823529411764706 0.01681818181818182
0 0.33558823529411763 0.6686363636363636 0.38294117647058823 0.012727272727272728
0 0.33676470588235297 0.6811363636363637 0.3841176470588235 0.011363636363636364
0 0.5464705882352942 0.7104545454545454 0.8070588235294117 0.015454545454545455
0 0.5470588235294118 0.7277272727272728 0.8058823529411765 0.02
0 0.548235294117647 0.7438636363636364 0.808235294117647 0.012272727272727272
0 0.5488235294117647 0.7579545454545454 0.8058823529411765 0.015909090909090907
0 0.5497058823529412 0.7729545454545454 0.8076470588235294 0.014090909090909091
0 0.5494117647058824 0.788409090909091 0.808235294117647 0.01681818181818182
0 0.5502941176470588 0.8036363636363636 0.81 0.013636363636363636
0 0.5497058823529412 0.8186363636363636 0.81 0.016363636363636365
0 0.5485294117647059 0.8322727272727273 0.8076470588235294 0.01090909090909091
