0 0.5473529411764706 0.4702272727272727 0.79 0.014090909090909091
0 0.5470588235294118 0.48568181818181816 0.788235294117647 0.012272727272727272
0 0.5476470588235294 0.5 0.788235294117647 0.016363636363636365
0 0.5473529411764706 0.5145454545454545 0.7876470588235294 0.013636363636363636
0 0.5479411764705883 0.5302272727272728 0.7864705882352941 0.015
0 0.5479411764705883 0.5447727272727273 0.7852941176470588 0.013181818181818182
0 0.5488235294117647 0.5602272727272727 0.7847058823529411 0.015
0 0.5485294117647059 0.5759090909090909 0.7841176470588235 0.013636363636363636
0 0.4894117647058824 0.5902272727272727 0.6658823529411765 0.014090909090909091
0 0.5485294117647059 0.605 0.7805882352941177 0.013636363636363636
0 0.3423529411764706 0.6211363636363636 0.37411764705882355 0.015
0 0.34 0.6354545454545455 0.3764705882352941 0.014545454545454545
0 0.3402941176470588 0.6527272727272727 0.37588235294117645 0.015454545454545455
0 0.34058823529411764 0.6679545454545455 0.37529411764705883 0.011363636363636364
0 0.3426470588235294 0.6818181818181818 0.37470588235294117 0.016363636363636365
0 0.7411764705882353 0.6206818181818182 0.4 0.015909090909090907
0 0.7429411764705882 0.6361363636363636 0.3988235294117647 0.015
0 0.7426470588235294 0.6522727272727272 0.3982352941176471 0.015454545454545455
0 0.7429411764705882 0.6668181818181819 0.3988235294117647 0.015454545454545455
0 0.7444117647058823 0.6818181818181818 0.40058823529411763 0.015454545454545455
0 0.5420588235294118 0.7122727272727273 0.7923529411764706 0.016363636363636365
0 0.5452941176470588 0.7279545454545454 0.7941176470588235 0.010454545454545454
0 0.5444117647058824 0.740909090909091 0.7958823529411765 0.017272727272727273
0 0.5447058823529412 0.7593181818181818 0.7952941176470588 0.01681818181818182
0 0.5467647058823529 0.7736363636363637 0.7947058823529412 0.015454545454545455
0 0.545 0.7888636363636363 0.7958823529411765 0.014090909090909091
0 0.5441176470588235 0.805 0.7952941176470588 0.01090909090909091
0 0.5438235294117647 0.8177272727272727 0.7958823529411765 0.012727272727272728
0 0.545 0.8331818181818181 0.7911764705882353 0.015454545454545455
