0 0.5452941176470588 0.46954545454545454 0.7952941176470588 0.014545454545454545
0 0.5455882352941176 0.48545454545454547 0.7935294117647059 0.013636363636363636
0 0.5476470588235294 0.5006818181818182 0.7941176470588235 0.013181818181818182
0 0.548235294117647 0.5159090909090909 0.7941176470588235 0.014545454545454545
0 0.5470588235294118 0.5302272727272728 0.7952941176470588 0.015
0 0.5470588235294118 0.545 0.7952941176470588 0.013636363636363636
0 0.5479411764705883 0.5604545454545454 0.7935294117647059 0.015454545454545455
0 0.55 0.5761363636363637 0.7941176470588235 0.013181818181818182
0 0.4879411764705882 0.5915909090909091 0.6688235294117647 0.015
0 0.548235294117647 0.605909090909091 0.7905882352941176 0.013636363636363636
0 0.3411764705882353 0.6220454545454546 0.3764705882352941 0.015
0 0.7426470588235294 0.6220454545454546 0.39705882352941174 0.014090909090909091
0 0.3417647058823529 0.6375 0.37529411764705883 0.013181818181818182
0 0.3411764705882353 0.6525 0.37411764705882355 0.015909090909090907
0 0.3417647058823529 0.6677272727272727 0.37411764705882355 0.013636363636363636
0 0.3426470588235294 0.6827272727272727 0.37470588235294117 0.014545454545454545
0 0.7441176470588236 0.6372727272727273 0.39647058823529413 0.012727272727272728
0 0.7441176470588236 0.6520454545454546 0.39647058823529413 0.013181818181818182
0 0.745 0.6665909090909091 0.3947058823529412 0.012272727272727272
0 0.7432352941176471 0.6811363636363637 0.39588235294117646 0.01681818181818182
0 0.5458823529411765 0.7127272727272728 0.788235294117647 0.015454545454545455
0 0.5464705882352942 0.7277272727272728 0.788235294117647 0.014545454545454545
0 0.5461764705882353 0.7440909090909091 0.7888235294117647 0.014545454545454545
0 0.5458823529411765 0.7581818181818182 0.7929411764705883 0.014545454545454545
0 0.5470588235294118 0.774090909090909 0.7905882352941176 0.013636363636363636
0 0.545 0.7877272727272727 0.7935294117647059 0.015454545454545455
0 0.5444117647058824 0.8036363636363636 0.7923529411764706 0.012727272727272728
0 0.5444117647058824 0.8188636363636363 0.7911764705882353 0.014090909090909091
0 0.5458823529411765 0.8327272727272728 0.7929411764705883 0.014545454545454545
