0 0.5446428571428571 0.4696796338672769 0.7964285714285714 0.012585812356979404
0 0.5446428571428571 0.4839816933638444 0.7964285714285714 0.016018306636155607
0 0.5446428571428571 0.4988558352402746 0.7964285714285714 0.013729977116704805
0 0.5446428571428571 0.5131578947368421 0.7964285714285714 0.014874141876430207
0 0.5446428571428571 0.5297482837528604 0.7964285714285714 0.018306636155606407
0 0.54375 0.545766590389016 0.7982142857142858 0.013729977116704805
0 0.54375 0.5594965675057209 0.7982142857142858 0.013729977116704805
0 0.5428571428571428 0.5743707093821511 0.8035714285714286 0.013729977116704805
0 0.48214285714285715 0.5898169336384439 0.6785714285714286 0.017162471395881007
0 0.5428571428571428 0.6058352402745996 0.7964285714285714 0.014874141876430207
0 0.33839285714285716 0.6212814645308925 0.38392857142857145 0.011441647597254004
0 0.7419642857142857 0.6224256292906178 0.39464285714285713 0.013729977116704805
0 0.3375 0.6361556064073226 0.3821428571428571 0.013729977116704805
0 0.7401785714285715 0.6350114416475973 0.4017857142857143 0.016018306636155607
0 0.33839285714285716 0.6510297482837528 0.38392857142857145 0.016018306636155607
0 0.7428571428571429 0.6504576659038902 0.4 0.017162471395881007
0 0.7428571428571429 0.6653318077803204 0.4035714285714286 0.017162471395881007
0 0.7446428571428572 0.6819221967963387 0.40714285714285714 0.013729977116704805
0 0.33839285714285716 0.6670480549199085 0.38035714285714284 0.011441647597254004
0 0.3339285714285714 0.6819221967963387 0.3821428571428571 0.013729977116704805
0 0.5455357142857142 0.7110983981693364 0.7946428571428571 0.014874141876430207
0 0.5464285714285714 0.727116704805492 0.7928571428571428 0.012585812356979404
0 0.54375 0.7402745995423341 0.7946428571428571 0.011441647597254004
0 0.5428571428571428 0.755720823798627 0.7964285714285714 0.014874141876430207
0 0.5428571428571428 0.7717391304347826 0.8 0.017162471395881007
0 0.54375 0.7877574370709383 0.7982142857142858 0.014874141876430207
0 0.5428571428571428 0.8032036613272311 0.8 0.016018306636155607
0 0.5419642857142857 0.8175057208237986 0.7982142857142858 0.012585812356979404
0 0.5428571428571428 0.8318077803203662 0.7964285714285714 0.016018306636155607
