0 0.543235294117647 0.46863636363636363 0.7923529411764706 0.012727272727272728
0 0.5467647058823529 0.4834090909090909 0.79 0.015909090909090907
0 0.5470588235294118 0.5002272727272727 0.7870588235294118 0.01681818181818182
0 0.5485294117647059 0.5161363636363636 0.7864705882352941 0.011363636363636364
0 0.5479411764705883 0.5286363636363637 0.7876470588235294 0.016363636363636365
0 0.5479411764705883 0.545 0.7888235294117647 0.016363636363636365
0 0.5508823529411765 0.5620454545454545 0.7923529411764706 0.013181818181818182
0 0.5511764705882353 0.5768181818181818 0.7917647058823529 0.011818181818181818
0 0.4888235294117647 0.5911363636363637 0.6694117647058824 0.014090909090909091
0 0.5470588235294118 0.6068181818181818 0.7858823529411765 0.013636363636363636
0 0.3417647058823529 0.6218181818181818 0.3764705882352941 0.012727272727272728
0 0.34147058823529414 0.6365909090909091 0.37588235294117645 0.015909090909090907
0 0.34058823529411764 0.6509090909090909 0.37529411764705883 0.011818181818181818
0 0.3417647058823529 0.6661363636363636 0.3729411764705882 0.015909090909090907
0 0.3411764705882353 0.6822727272727273 0.37411764705882355 0.013636363636363636
0 0.7441176470588236 0.6213636363636363 0.3941176470588235 0.012727272727272728
0 0.7447058823529412 0.6365909090909091 0.39294117647058824 0.014090909090909091
0 0.7458823529411764 0.6522727272727272 0.3941176470588235 0.013636363636363636
0 0.7447058823529412 0.6668181818181819 0.3952941176470588 0.013636363636363636
0 0.7455882352941177 0.6818181818181818 0.3947058823529412 0.015454545454545455
0 0.5479411764705883 0.7127272727272728 0.7947058823529412 0.015454545454545455
0 0.5479411764705883 0.7286363636363636 0.7923529411764706 0.013636363636363636
0 0.5479411764705883 0.7425 0.7911764705882353 0.013181818181818182
0 0.5455882352941176 0.7565909090909091 0.7970588235294118 0.015
0 0.545 0.7725 0.7947058823529412 0.014090909090909091
0 0.5444117647058824 0.7881818181818182 0.7958823529411765 0.014545454545454545
0 0.5444117647058824 0.8043181818181818 0.7958823529411765 0.015
0 0.5458823529411765 0.8195454545454546 0.7941176470588235 0.012727272727272728
0 0.5467647058823529 0.8347727272727272 0.7935294117647059 0.015
