0 0.5438235294117647 0.4690909090909091 0.7935294117647059 0.014545454545454545
0 0.545 0.4843181818181818 0.7947058823529412 0.015909090909090907
0 0.5458823529411765 0.5009090909090909 0.7894117647058824 0.015454545454545455
0 0.5435294117647059 0.5172727272727272 0.7929411764705883 0.015454545454545455
0 0.5455882352941176 0.5318181818181819 0.7935294117647059 0.012727272727272728
0 0.5447058823529412 0.545 0.7917647058823529 0.017272727272727273
0 0.543235294117647 0.5615909090909091 0.7841176470588235 0.010454545454545454
0 0.545 0.5738636363636364 0.7876470588235294 0.01681818181818182
0 0.4873529411764706 0.5895454545454546 0.6688235294117647 0.02090909090909091
0 0.5473529411764706 0.6027272727272728 0.7947058823529412 0.01818181818181818
0 0.34088235294117647 0.6206818181818182 0.38294117647058823 0.01681818181818182
0 0.7435294117647059 0.6211363636363636 0.4023529411764706 0.015909090909090907
0 0.3402941176470588 0.6359090909090909 0.37588235294117645 0.016363636363636365
0 0.33794117647058824 0.6531818181818182 0.3770588235294118 0.01818181818181818
0 0.33852941176470586 0.6695454545454546 0.37823529411764706 0.014545454545454545
0 0.32794117647058824 0.6843181818181818 0.3511764705882353 0.013181818181818182
0 0.7411764705882353 0.6370454545454546 0.4023529411764706 0.011363636363636364
0 0.7441176470588236 0.6529545454545455 0.3988235294117647 0.015909090909090907
0 0.7438235294117647 0.6681818181818182 0.3982352941176471 0.014545454545454545
0 0.7426470588235294 0.6818181818181818 0.39941176470588236 0.012727272727272728
0 0.5441176470588235 0.7122727272727273 0.7929411764705883 0.016363636363636365
0 0.5438235294117647 0.7265909090909091 0.7935294117647059 0.012272727272727272
0 0.5435294117647059 0.7411363636363636 0.7929411764705883 0.01681818181818182
0 0.5302941176470588 0.7593181818181818 0.77 0.014090909090909091
0 0.5447058823529412 0.7734090909090909 0.7988235294117647 0.014090909090909091
0 0.5447058823529412 0.79 0.7988235294117647 0.019090909090909092
0 0.5438235294117647 0.8056818181818182 0.798235294117647 0.012272727272727272
0 0.5423529411764706 0.8179545454545455 0.8 0.012272727272727272
0 0.5402941176470588 0.8322727272727273 0.7970588235294118 0.012727272727272728
