0 0.5455882352941176 0.46954545454545454 0.7935294117647059 0.014545454545454545
0 0.5461764705882353 0.48454545454545456 0.7923529411764706 0.015454545454545455
0 0.5452941176470588 0.5 0.7905882352941176 0.015454545454545455
0 0.5458823529411765 0.5147727272727273 0.788235294117647 0.014090909090909091
0 0.5458823529411765 0.5297727272727273 0.788235294117647 0.015909090909090907
0 0.5444117647058824 0.545 0.7888235294117647 0.014545454545454545
0 0.5455882352941176 0.5609090909090909 0.7911764705882353 0.017272727272727273
0 0.5438235294117647 0.5756818181818182 0.7923529411764706 0.015
0 0.4964705882352941 0.595 0.6576470588235294 0.01
0 0.5423529411764706 0.6043181818181819 0.7976470588235294 0.015
0 0.7294117647058823 0.6243181818181818 0.3517647058823529 0.006818181818181818
0 0.33794117647058824 0.6195454545454545 0.3864705882352941 0.017272727272727273
0 0.33941176470588236 0.6361363636363636 0.3835294117647059 0.015909090909090907
0 0.3397058823529412 0.6518181818181819 0.3841176470588235 0.015454545454545455
0 0.34 0.6668181818181819 0.38235294117647056 0.014545454545454545
0 0.3391176470588235 0.6827272727272727 0.38058823529411767 0.017272727272727273
0 0.7420588235294118 0.6345454545454545 0.39705882352941174 0.017272727272727273
0 0.7408823529411764 0.6509090909090909 0.39235294117647057 0.014545454545454545
0 0.7423529411764705 0.6665909090909091 0.3952941176470588 0.01681818181818182
0 0.7423529411764705 0.6822727272727273 0.39294117647058824 0.014545454545454545
0 0.5447058823529412 0.7118181818181818 0.7976470588235294 0.016363636363636365
0 0.538235294117647 0.7286363636363636 0.7835294117647059 0.014545454545454545
0 0.5444117647058824 0.7425 0.7958823529411765 0.013181818181818182
0 0.5126470588235295 0.7675 0.7252941176470589 0.019545454545454546
0 0.5458823529411765 0.788409090909091 0.7941176470588235 0.018636363636363635
0 0.5441176470588235 0.8036363636363636 0.7976470588235294 0.011818181818181818
0 0.5426470588235294 0.8181818181818182 0.7947058823529412 0.017272727272727273
0 0.5447058823529412 0.8343181818181818 0.7905882352941176 0.015
