0 0.5447058823529412 0.46954545454545454 0.7952941176470588 0.012727272727272728
0 0.545 0.4843181818181818 0.7911764705882353 0.015909090909090907
0 0.545 0.49977272727272726 0.79 0.015
0 0.5452941176470588 0.5147727272727273 0.7894117647058824 0.015
0 0.5464705882352942 0.5295454545454545 0.7917647058823529 0.014545454545454545
0 0.5476470588235294 0.5445454545454546 0.7894117647058824 0.015454545454545455
0 0.5464705882352942 0.5595454545454546 0.7870588235294118 0.014545454545454545
0 0.5452941176470588 0.5745454545454546 0.788235294117647 0.015454545454545455
0 0.4708823529411765 0.59 0.6394117647058823 0.015454545454545455
0 0.5476470588235294 0.6068181818181818 0.7870588235294118 0.014545454545454545
0 0.7435294117647059 0.6220454545454546 0.39294117647058824 0.015909090909090907
0 0.7447058823529412 0.6384090909090909 0.39176470588235296 0.011363636363636364
0 0.7458823529411764 0.6522727272727272 0.38941176470588235 0.016363636363636365
0 0.7461764705882353 0.6670454545454545 0.39 0.013181818181818182
0 0.7452941176470588 0.6822727272727273 0.39176470588235296 0.017272727272727273
0 0.34058823529411764 0.6202272727272727 0.3776470588235294 0.015909090909090907
0 0.34088235294117647 0.6365909090909091 0.3770588235294118 0.01681818181818182
0 0.34 0.6522727272727272 0.37529411764705883 0.014545454545454545
0 0.34058823529411764 0.6665909090909091 0.37411764705882355 0.014090909090909091
0 0.34088235294117647 0.6811363636363637 0.37470588235294117 0.015
0 0.5455882352941176 0.7118181818181818 0.7935294117647059 0.015454545454545455
0 0.545 0.7270454545454546 0.7935294117647059 0.015
0 0.545 0.7415909090909091 0.7935294117647059 0.014090909090909091
0 0.545 0.7563636363636363 0.7935294117647059 0.015454545454545455
0 0.5441176470588235 0.7722727272727272 0.7917647058823529 0.016363636363636365
0 0.543235294117647 0.7879545454545455 0.7935294117647059 0.015
0 0.5435294117647059 0.8036363636363636 0.7941176470588235 0.016363636363636365
0 0.5447058823529412 0.8184090909090909 0.7917647058823529 0.013181818181818182
0 0.5441176470588235 0.8331818181818181 0.7905882352941176 0.016363636363636365
