0 0.5452127659574468 0.46938775510204084 0.7925531914893617 0.014405762304921969
0 0.5460992907801419 0.4849939975990396 0.7943262411347518 0.014405762304921969
0 0.5443262411347518 0.49939975990396157 0.7907801418439716 0.014405762304921969
0 0.5460992907801419 0.5156062424969988 0.7943262411347518 0.015606242496998799
0 0.5460992907801419 0.5306122448979592 0.7943262411347518 0.014405762304921969
0 0.5460992907801419 0.5456182472989196 0.7943262411347518 0.010804321728691477
0 0.5452127659574468 0.5588235294117647 0.7925531914893617 0.01800720288115246
0 0.5460992907801419 0.5768307322929171 0.7943262411347518 0.013205282112845138
0 0.4867021276595745 0.5906362545018007 0.675531914893617 0.014405762304921969
0 0.5460992907801419 0.6050420168067226 0.7907801418439716 0.014405762304921969
0 0.3377659574468085 0.6206482593037215 0.38120567375886527 0.014405762304921969
0 0.7429078014184397 0.6206482593037215 0.4078014184397163 0.014405762304921969
0 0.33687943262411346 0.6350540216086434 0.3829787234042553 0.014405762304921969
0 0.7429078014184397 0.6368547418967587 0.40070921985815605 0.013205282112845138
0 0.33687943262411346 0.6518607442977191 0.3829787234042553 0.014405762304921969
0 0.3395390070921986 0.6668667466986795 0.38120567375886527 0.013205282112845138
0 0.33687943262411346 0.6812725090036015 0.3829787234042553 0.015606242496998799
0 0.7437943262411347 0.6506602641056423 0.4024822695035461 0.012004801920768308
0 0.7411347517730497 0.6638655462184874 0.40425531914893614 0.01680672268907563
0 0.7420212765957447 0.6818727490996399 0.39893617021276595 0.01920768307322929
0 0.5425531914893617 0.7118847539015606 0.8014184397163121 0.014405762304921969
0 0.5443262411347518 0.7292917166866747 0.8014184397163121 0.013205282112845138
0 0.5425531914893617 0.7424969987995198 0.8014184397163121 0.013205282112845138
0 0.5443262411347518 0.7575030012004802 0.7943262411347518 0.014405762304921969
0 0.5416666666666666 0.7719087635054022 0.8031914893617021 0.014405762304921969
0 0.5398936170212766 0.7869147659063626 0.799645390070922 0.015606242496998799
0 0.5398936170212766 0.8031212484993998 0.8031914893617021 0.014405762304921969
0 0.5398936170212766 0.8163265306122449 0.8067375886524822 0.01680672268907563
0 0.5416666666666666 0.8319327731092437 0.8031914893617021 0.014405762304921969
