0 0.5476470588235294 0.4709090909090909 0.7905882352941176 0.014545454545454545
0 0.5467647058823529 0.48522727272727273 0.7923529411764706 0.014090909090909091
0 0.5467647058823529 0.5006818181818182 0.7923529411764706 0.01681818181818182
0 0.5441176470588235 0.5152272727272728 0.7976470588235294 0.012272727272727272
0 0.5438235294117647 0.5304545454545454 0.7935294117647059 0.016363636363636365
0 0.5411764705882353 0.5352272727272728 0.8011764705882353 0.006818181818181818
0 0.5473529411764706 0.5454545454545454 0.8005882352941176 0.011818181818181818
0 0.5464705882352942 0.5611363636363637 0.8070588235294117 0.015
0 0.5414705882352941 0.576590909090909 0.798235294117647 0.015909090909090907
0 0.48705882352941177 0.5918181818181818 0.6823529411764706 0.014545454545454545
0 0.5444117647058824 0.605 0.7958823529411765 0.016363636363636365
0 0.3388235294117647 0.6215909090909091 0.3835294117647059 0.01681818181818182
0 0.33852941176470586 0.6368181818181818 0.3841176470588235 0.013636363636363636
0 0.3388235294117647 0.6509090909090909 0.3847058823529412 0.014545454545454545
0 0.3382352941176471 0.6652272727272728 0.38588235294117645 0.014090909090909091
0 0.33705882352941174 0.6813636363636364 0.3835294117647059 0.01818181818181818
0 0.741764705882353 0.6211363636363636 0.4023529411764706 0.013181818181818182
0 0.7411764705882353 0.6352272727272728 0.40352941176470586 0.015
0 0.7411764705882353 0.65 0.40352941176470586 0.014545454545454545
0 0.7429411764705882 0.6652272727272728 0.4 0.015909090909090907
0 0.7605882352941177 0.6795454545454546 0.3623529411764706 0.014545454545454545
0 0.5429411764705883 0.7122727272727273 0.8 0.017272727272727273
0 0.5455882352941176 0.7279545454545454 0.7935294117647059 0.014090909090909091
0 0.5441176470588235 0.7425 0.7905882352941176 0.015
0 0.5444117647058824 0.7577272727272727 0.7935294117647059 0.011818181818181818
0 0.5458823529411765 0.7725 0.7976470588235294 0.017727272727272727
0 0.5426470588235294 0.7886363636363637 0.798235294117647 0.013636363636363636
0 0.5438235294117647 0.8038636363636363 0.8005882352941176 0.01681818181818182
0 0.5447058823529412 0.8188636363636363 0.7988235294117647 0.013181818181818182
0 0.54 0.8334090909090909 0.7894117647058824 0.015909090909090907
