0 0.558235294117647 0.47295454545454546 0.768235294117647 0.007727272727272728
0 0.5479411764705883 0.48295454545454547 0.798235294117647 0.015909090909090907
0 0.5461764705882353 0.4979545454545454 0.7923529411764706 0.01681818181818182
0 0.5485294117647059 0.514090909090909 0.7876470588235294 0.015454545454545455
0 0.5479411764705883 0.5297727272727273 0.7864705882352941 0.015909090909090907
0 0.5470588235294118 0.5445454545454546 0.788235294117647 0.013636363636363636
0 0.5464705882352942 0.5590909090909091 0.7870588235294118 0.015454545454545455
0 0.5461764705882353 0.5747727272727273 0.7864705882352941 0.01681818181818182
0 0.48705882352941177 0.5902272727272727 0.668235294117647 0.014090909090909091
0 0.5441176470588235 0.6043181818181819 0.7905882352941176 0.015
0 0.33852941176470586 0.6204545454545455 0.38294117647058823 0.016363636363636365
0 0.7411764705882353 0.6197727272727273 0.3941176470588235 0.015
0 0.7438235294117647 0.6354545454545455 0.39588235294117646 0.014545454545454545
0 0.7438235294117647 0.65 0.3947058823529412 0.014545454545454545
0 0.7438235294117647 0.6659090909090909 0.3947058823529412 0.017272727272727273
0 0.7411764705882353 0.6822727272727273 0.3835294117647059 0.015454545454545455
0 0.3391176470588235 0.6363636363636364 0.38176470588235295 0.014545454545454545
0 0.3376470588235294 0.6525 0.3764705882352941 0.015909090909090907
0 0.355 0.6659090909090909 0.3558823529411765 0.01090909090909091
0 0.3391176470588235 0.6813636363636364 0.38176470588235295 0.017272727272727273
0 0.5691176470588235 0.7125 0.7429411764705882 0.012272727272727272
0 0.5444117647058824 0.7263636363636363 0.7923529411764706 0.015454545454545455
0 0.5441176470588235 0.7422727272727273 0.7917647058823529 0.016363636363636365
0 0.5441176470588235 0.7577272727272727 0.7917647058823529 0.014545454545454545
0 0.5447058823529412 0.7729545454545454 0.7929411764705883 0.015909090909090907
0 0.5423529411764706 0.7918181818181819 0.7647058823529411 0.0036363636363636364
0 0.5441176470588235 0.8 0.7894117647058824 0.02181818181818182
0 0.5441176470588235 0.8172727272727273 0.7964705882352942 0.02
0 0.5435294117647059 0.8331818181818181 0.7964705882352942 0.011818181818181818
