0 0.5470588235294118 0.47045454545454546 0.7976470588235294 0.014545454545454545
0 0.5479411764705883 0.48454545454545456 0.7994117647058824 0.014545454545454545
0 0.5494117647058824 0.5004545454545455 0.7952941176470588 0.016363636363636365
0 0.5485294117647059 0.5168181818181818 0.798235294117647 0.013636363636363636
0 0.5494117647058824 0.5327272727272727 0.7929411764705883 0.013636363636363636
0 0.55 0.5470454545454545 0.7964705882352942 0.015909090909090907
0 0.5491176470588235 0.5622727272727273 0.7935294117647059 0.014545454545454545
0 0.5485294117647059 0.5768181818181818 0.7947058823529412 0.013636363636363636
0 0.4861764705882353 0.5909090909090909 0.67 0.013636363636363636
0 0.5467647058823529 0.6056818181818182 0.7888235294117647 0.013181818181818182
0 0.33852941176470586 0.6204545454545455 0.37941176470588234 0.014545454545454545
0 0.7429411764705882 0.6206818181818182 0.3952941176470588 0.014090909090909091
0 0.33852941176470586 0.6370454545454546 0.37941176470588234 0.017727272727272727
0 0.7438235294117647 0.6381818181818182 0.39705882352941174 0.016363636363636365
0 0.34 0.6540909090909091 0.3776470588235294 0.013636363636363636
0 0.7452941176470588 0.6536363636363637 0.3988235294117647 0.012727272727272728
0 0.745 0.668409090909091 0.39588235294117646 0.014090909090909091
0 0.745 0.6813636363636364 0.3947058823529412 0.012727272727272728
0 0.3397058823529412 0.6677272727272727 0.37588235294117645 0.01090909090909091
0 0.33941176470588236 0.6822727272727273 0.3764705882352941 0.013636363636363636
0 0.5429411764705883 0.7134090909090909 0.7988235294117647 0.013181818181818182
0 0.543235294117647 0.7270454545454546 0.798235294117647 0.014090909090909091
0 0.5429411764705883 0.7422727272727273 0.7964705882352942 0.014545454545454545
0 0.5441176470588235 0.7572727272727273 0.7952941176470588 0.012727272727272728
0 0.5426470588235294 0.7706818181818181 0.798235294117647 0.013181818181818182
0 0.5411764705882353 0.7856818181818181 0.8 0.015909090909090907
0 0.5423529411764706 0.8025 0.7952941176470588 0.015909090909090907
0 0.5405882352941176 0.8186363636363636 0.7964705882352942 0.011818181818181818
0 0.5397058823529411 0.8329545454545455 0.8005882352941176 0.01681818181818182
