0 0.545 0.4702272727272727 0.7911764705882353 0.014090909090909091
0 0.5461764705882353 0.485 0.79 0.015454545454545455
0 0.5464705882352942 0.4990909090909091 0.7917647058823529 0.012727272727272728
0 0.5467647058823529 0.5138636363636364 0.7923529411764706 0.015909090909090907
0 0.5464705882352942 0.53 0.7929411764705883 0.012727272727272728
0 0.5467647058823529 0.545 0.7911764705882353 0.013636363636363636
0 0.5473529411764706 0.5606818181818182 0.7911764705882353 0.015909090909090907
0 0.5473529411764706 0.5772727272727273 0.7888235294117647 0.012727272727272728
0 0.4879411764705882 0.5915909090909091 0.67 0.012272727272727272
0 0.5476470588235294 0.6054545454545455 0.7917647058823529 0.014545454545454545
0 0.3411764705882353 0.6215909090909091 0.38 0.015
0 0.7438235294117647 0.6213636363636363 0.4041176470588235 0.011818181818181818
0 0.34205882352941175 0.6375 0.37941176470588234 0.014090909090909091
0 0.3426470588235294 0.6525 0.37470588235294117 0.012272727272727272
0 0.7458823529411764 0.6361363636363636 0.4023529411764706 0.013181818181818182
0 0.7455882352941177 0.6509090909090909 0.40176470588235297 0.011818181818181818
0 0.7485294117647059 0.6665909090909091 0.4041176470588235 0.015909090909090907
0 0.34205882352941175 0.6675 0.37823529411764706 0.013181818181818182
0 0.3388235294117647 0.6820454545454545 0.38 0.013181818181818182
0 0.7473529411764706 0.6829545454545455 0.3982352941176471 0.015
0 0.5438235294117647 0.7122727272727273 0.7970588235294118 0.016363636363636365
0 0.5455882352941176 0.7284090909090909 0.7947058823529412 0.012272727272727272
0 0.5461764705882353 0.7427272727272727 0.7970588235294118 0.013636363636363636
0 0.545 0.7581818181818182 0.7958823529411765 0.011818181818181818
0 0.5441176470588235 0.7722727272727272 0.7952941176470588 0.015454545454545455
0 0.5441176470588235 0.7875 0.7964705882352942 0.015
0 0.5441176470588235 0.803409090909091 0.7976470588235294 0.012272727272727272
0 0.5441176470588235 0.8172727272727273 0.7976470588235294 0.012727272727272728
0 0.5438235294117647 0.8334090909090909 0.7935294117647059 0.01681818181818182
