0 0.5447058823529412 0.4690909090909091 0.7929411764705883 0.017272727272727273
0 0.54 0.48863636363636365 0.7552941176470588 0.007272727272727273
0 0.545 0.5002272727272727 0.7970588235294118 0.014090909090909091
0 0.5479411764705883 0.515 0.79 0.015454545454545455
0 0.5479411764705883 0.5304545454545454 0.79 0.015454545454545455
0 0.5461764705882353 0.5456818181818182 0.7935294117647059 0.015
0 0.5447058823529412 0.5604545454545454 0.7905882352941176 0.014545454545454545
0 0.5447058823529412 0.5747727272727273 0.7894117647058824 0.014090909090909091
0 0.4879411764705882 0.59 0.6758823529411765 0.016363636363636365
0 0.548235294117647 0.6054545454545455 0.7976470588235294 0.014545454545454545
0 0.7464705882352941 0.6204545454545455 0.4011764705882353 0.015454545454545455
0 0.7455882352941177 0.6359090909090909 0.39941176470588236 0.015454545454545455
0 0.7458823529411764 0.6511363636363636 0.3988235294117647 0.015909090909090907
0 0.7452941176470588 0.6661363636363636 0.3976470588235294 0.014090909090909091
0 0.745 0.6804545454545454 0.39588235294117646 0.013636363636363636
0 0.3391176470588235 0.6206818181818182 0.37941176470588234 0.015
0 0.34058823529411764 0.6359090909090909 0.3764705882352941 0.015454545454545455
0 0.34058823529411764 0.6513636363636364 0.3764705882352941 0.015454545454545455
0 0.34088235294117647 0.6675 0.37588235294117645 0.01681818181818182
0 0.3402941176470588 0.6822727272727273 0.37470588235294117 0.012727272727272728
0 0.5452941176470588 0.7131818181818181 0.7964705882352942 0.012727272727272728
0 0.5458823529411765 0.7268181818181818 0.7952941176470588 0.014545454545454545
0 0.5447058823529412 0.7413636363636363 0.7929411764705883 0.014545454545454545
0 0.5441176470588235 0.7570454545454546 0.7941176470588235 0.01681818181818182
0 0.5455882352941176 0.7725 0.7970588235294118 0.014090909090909091
0 0.5444117647058824 0.788409090909091 0.7888235294117647 0.013181818181818182
0 0.5470588235294118 0.8018181818181818 0.7941176470588235 0.013636363636363636
0 0.52 0.8204545454545454 0.7541176470588236 0.01
0 0.5444117647058824 0.8327272727272728 0.8029411764705883 0.014545454545454545
