0 0.5357142857142857 0.8754601226993866 0.0 0.14846625766871166
0 0.54421768707483 0.4687116564417178 0.8061224489795918 0.01717791411042945
0 0.54421768707483 0.48588957055214727 0.8061224489795918 0.01717791411042945
0 0.54421768707483 0.501840490797546 0.8061224489795918 0.014723926380368098
0 0.5450680272108843 0.5153374233128835 0.8044217687074829 0.014723926380368098
0 0.54421768707483 0.5300613496932516 0.8027210884353742 0.014723926380368098
0 0.54421768707483 0.5447852760736196 0.8027210884353742 0.014723926380368098
0 0.5450680272108843 0.5595092024539877 0.8044217687074829 0.014723926380368098
0 0.5450680272108843 0.5748466257668712 0.8044217687074829 0.015950920245398775
0 0.48214285714285715 0.59079754601227 0.6785714285714286 0.015950920245398775
0 0.5450680272108843 0.6049079754601226 0.7976190476190477 0.01717791411042945
0 0.7431972789115646 0.6196319018404908 0.4013605442176871 0.01717791411042945
0 0.336734693877551 0.6220858895705521 0.3877551020408163 0.014723926380368098
0 0.3392857142857143 0.6368098159509202 0.3826530612244898 0.014723926380368098
0 0.3392857142857143 0.6515337423312884 0.3826530612244898 0.014723926380368098
0 0.33843537414965985 0.6656441717791411 0.3843537414965986 0.013496932515337423
0 0.33758503401360546 0.6797546012269938 0.38945578231292516 0.01717791411042945
0 0.7431972789115646 0.6361963190184049 0.4013605442176871 0.013496932515337423
0 0.7431972789115646 0.650920245398773 0.4013605442176871 0.015950920245398775
0 0.7431972789115646 0.6662576687116565 0.4013605442176871 0.014723926380368098
0 0.7431972789115646 0.6809815950920245 0.4013605442176871 0.014723926380368098
0 0.4872448979591837 0.6969325153374233 0.6751700680272109 0.014723926380368098
0 0.5433673469387755 0.7098159509202454 0.8010204081632653 0.015950920245398775
0 0.5416666666666666 0.7257668711656442 0.8044217687074829 0.015950920245398775
0 0.54421768707483 0.741717791411043 0.8095238095238095 0.015950920245398775
0 0.5416666666666666 0.7570552147239263 0.8044217687074829 0.014723926380368098
0 0.5408163265306123 0.7717791411042945 0.8061224489795918 0.014723926380368098
0 0.5416666666666666 0.7871165644171779 0.8078231292517006 0.015950920245398775
0 0.5408163265306123 0.801840490797546 0.8095238095238095 0.013496932515337423
0 0.5408163265306123 0.8159509202453987 0.8095238095238095 0.014723926380368098
0 0.5425170068027211 0.8337423312883435 0.8095238095238095 0.015950920245398775
