0 0.5445269016697588 0.4684633027522936 0.7959183673469388 0.017201834862385322
0 0.5445269016697588 0.48509174311926606 0.7959183673469388 0.016055045871559634
0 0.5435992578849722 0.4994266055045872 0.7940630797773655 0.01261467889908257
0 0.5445269016697588 0.5137614678899083 0.7959183673469388 0.016055045871559634
0 0.5445269016697588 0.5280963302752294 0.7959183673469388 0.01261467889908257
0 0.5445269016697588 0.5430045871559633 0.7959183673469388 0.017201834862385322
0 0.5435992578849722 0.5579128440366973 0.7940630797773655 0.01261467889908257
0 0.5435992578849722 0.5739678899082569 0.7940630797773655 0.0194954128440367
0 0.48608534322820035 0.5911697247706422 0.6790352504638218 0.014908256880733946
0 0.5445269016697588 0.6060779816513762 0.7959183673469388 0.014908256880733946
0 0.7439703153988868 0.6215596330275229 0.39332096474953615 0.016055045871559634
0 0.7448979591836735 0.6364678899082569 0.39517625231910947 0.013761467889908258
0 0.7439703153988868 0.650802752293578 0.39332096474953615 0.014908256880733946
0 0.7439703153988868 0.6651376146788991 0.39332096474953615 0.013761467889908258
0 0.7448979591836735 0.680045871559633 0.3914656771799629 0.016055045871559634
0 0.336734693877551 0.6215596330275229 0.3877551020408163 0.016055045871559634
0 0.336734693877551 0.635894495412844 0.38404452690166974 0.01261467889908257
0 0.3358070500927644 0.650802752293578 0.3821892393320965 0.017201834862385322
0 0.336734693877551 0.6674311926605505 0.3803339517625232 0.016055045871559634
0 0.3385899814471243 0.6817660550458715 0.38404452690166974 0.01261467889908257
0 0.5417439703153989 0.7121559633027523 0.7940630797773655 0.016055045871559634
0 0.5417439703153989 0.7270642201834863 0.7940630797773655 0.013761467889908258
0 0.5426716141001855 0.742545871559633 0.7959183673469388 0.017201834862385322
0 0.5408163265306123 0.7580275229357798 0.7959183673469388 0.016055045871559634
0 0.5417439703153989 0.7735091743119266 0.7977736549165121 0.014908256880733946
0 0.5417439703153989 0.7884174311926605 0.7977736549165121 0.014908256880733946
0 0.5426716141001855 0.8021788990825688 0.7996289424860853 0.01261467889908257
0 0.5417439703153989 0.8176605504587156 0.7977736549165121 0.01834862385321101
0 0.5454545454545454 0.8360091743119266 0.7940630797773655 0.013761467889908258
