0 0.5461764705882353 0.46954545454545454 0.7935294117647059 0.015454545454545455
0 0.5470588235294118 0.48522727272727273 0.7905882352941176 0.014090909090909091
0 0.5479411764705883 0.5018181818181818 0.7888235294117647 0.013636363636363636
0 0.5488235294117647 0.5161363636363636 0.7870588235294118 0.013181818181818182
0 0.5494117647058824 0.5313636363636364 0.7858823529411765 0.013636363636363636
0 0.5485294117647059 0.5463636363636364 0.79 0.016363636363636365
0 0.5488235294117647 0.5615909090909091 0.7917647058823529 0.013181818181818182
0 0.5505882352941176 0.5763636363636364 0.7917647058823529 0.01090909090909091
0 0.48970588235294116 0.5893181818181819 0.6688235294117647 0.015
0 0.548235294117647 0.6052272727272727 0.7917647058823529 0.015
0 0.545 0.7122727272727273 0.7935294117647059 0.012727272727272728
0 0.5452941176470588 0.7275 0.7905882352941176 0.015
0 0.5461764705882353 0.7429545454545454 0.79 0.012272727272727272
0 0.5476470588235294 0.7572727272727273 0.7905882352941176 0.014545454545454545
0 0.545 0.7718181818181818 0.7970588235294118 0.017272727272727273
0 0.5464705882352942 0.7886363636363637 0.7952941176470588 0.013636363636363636
0 0.5438235294117647 0.803409090909091 0.798235294117647 0.017727272727272727
0 0.5452941176470588 0.8197727272727273 0.7976470588235294 0.012272727272727272
0 0.5452941176470588 0.8329545454545455 0.7976470588235294 0.014090909090909091
0 0.7444117647058823 0.6209090909090909 0.39941176470588236 0.013636363636363636
0 0.7429411764705882 0.6356818181818182 0.39647058823529413 0.01681818181818182
0 0.7429411764705882 0.6536363636363637 0.3952941176470588 0.016363636363636365
0 0.7432352941176471 0.668409090909091 0.39705882352941174 0.014090909090909091
0 0.7447058823529412 0.6822727272727273 0.3941176470588235 0.013636363636363636
0 0.34147058823529414 0.6218181818181818 0.37588235294117645 0.014545454545454545
0 0.34294117647058825 0.6372727272727273 0.37411764705882355 0.012727272727272728
0 0.34 0.6518181818181819 0.3788235294117647 0.014545454545454545
0 0.34 0.6661363636363636 0.37529411764705883 0.015909090909090907
0 0.34 0.6822727272727273 0.3776470588235294 0.014545454545454545
