0 0.5455882352941176 0.46886363636363637 0.7876470588235294 0.018636363636363635
0 0.5458823529411765 0.48613636363636364 0.7870588235294118 0.015909090909090907
0 0.5391176470588235 0.5 0.7935294117647059 0.016363636363636365
0 0.5452941176470588 0.5154545454545455 0.7941176470588235 0.015454545454545455
0 0.5473529411764706 0.5302272727272728 0.79 0.014090909090909091
0 0.548235294117647 0.545 0.7917647058823529 0.015454545454545455
0 0.5479411764705883 0.5611363636363637 0.7911764705882353 0.01681818181818182
0 0.5479411764705883 0.5756818181818182 0.7911764705882353 0.012272727272727272
0 0.5476470588235294 0.5893181818181819 0.7917647058823529 0.015
0 0.5494117647058824 0.605 0.7929411764705883 0.014545454545454545
0 0.7482352941176471 0.6211363636363636 0.3952941176470588 0.017727272727272727
0 0.7479411764705882 0.6368181818181818 0.3947058823529412 0.013636363636363636
0 0.7473529411764706 0.6518181818181819 0.3947058823529412 0.017272727272727273
0 0.7458823529411764 0.6670454545454545 0.39176470588235296 0.013181818181818182
0 0.7458823529411764 0.6811363636363637 0.3905882352941176 0.015
0 0.3391176470588235 0.6206818181818182 0.37941176470588234 0.014090909090909091
0 0.33794117647058824 0.639090909090909 0.3688235294117647 0.012727272727272728
0 0.3388235294117647 0.6515909090909091 0.3776470588235294 0.01681818181818182
0 0.3388235294117647 0.6668181818181819 0.3776470588235294 0.013636363636363636
0 0.3382352941176471 0.6809090909090909 0.3764705882352941 0.014545454545454545
0 0.5467647058823529 0.7131818181818181 0.7958823529411765 0.014545454545454545
0 0.5467647058823529 0.7281818181818182 0.7947058823529412 0.015454545454545455
0 0.5455882352941176 0.7429545454545454 0.7923529411764706 0.014090909090909091
0 0.5464705882352942 0.7572727272727273 0.7905882352941176 0.014545454545454545
0 0.5476470588235294 0.7725 0.7905882352941176 0.015909090909090907
0 0.5470588235294118 0.788409090909091 0.7905882352941176 0.015909090909090907
0 0.545 0.8022727272727272 0.7958823529411765 0.016363636363636365
0 0.4988235294117647 0.8170454545454545 0.7129411764705882 0.015
0 0.5438235294117647 0.8329545454545455 0.7935294117647059 0.012272727272727272
