0 0.5464705882352942 0.46886363636363637 0.7941176470588235 0.015
0 0.5414705882352941 0.485 0.8017647058823529 0.013636363636363636
0 0.5411764705882353 0.5 0.8011764705882353 0.016363636363636365
0 0.5473529411764706 0.5156818181818181 0.7888235294117647 0.015
0 0.5473529411764706 0.5311363636363636 0.7888235294117647 0.015909090909090907
0 0.548235294117647 0.5454545454545454 0.7870588235294118 0.012727272727272728
0 0.5485294117647059 0.56 0.7876470588235294 0.016363636363636365
0 0.5473529411764706 0.5752272727272727 0.79 0.014090909090909091
0 0.48823529411764705 0.5902272727272727 0.6717647058823529 0.015909090909090907
0 0.5476470588235294 0.6056818181818182 0.7929411764705883 0.015
0 0.7444117647058823 0.6209090909090909 0.39941176470588236 0.013636363636363636
0 0.7444117647058823 0.6352272727272728 0.39941176470588236 0.015
0 0.745 0.6502272727272728 0.3982352941176471 0.015
0 0.7444117647058823 0.6654545454545454 0.39705882352941174 0.015454545454545455
0 0.7444117647058823 0.6815909090909091 0.3947058823529412 0.01681818181818182
0 0.34 0.6209090909090909 0.3764705882352941 0.014545454545454545
0 0.3402941176470588 0.6359090909090909 0.37588235294117645 0.015454545454545455
0 0.3411764705882353 0.6515909090909091 0.3776470588235294 0.015909090909090907
0 0.34147058823529414 0.6668181818181819 0.3770588235294118 0.014545454545454545
0 0.34088235294117647 0.6806818181818182 0.37588235294117645 0.013181818181818182
0 0.5447058823529412 0.7118181818181818 0.7976470588235294 0.017272727272727273
0 0.5435294117647059 0.7270454545454546 0.8 0.013181818181818182
0 0.5602941176470588 0.7436363636363637 0.75 0.008181818181818182
0 0.5420588235294118 0.7572727272727273 0.7947058823529412 0.016363636363636365
0 0.5435294117647059 0.7715909090909091 0.7976470588235294 0.015909090909090907
0 0.5444117647058824 0.7872727272727272 0.7958823529411765 0.015454545454545455
0 0.5444117647058824 0.8029545454545455 0.7958823529411765 0.015909090909090907
0 0.5447058823529412 0.8172727272727273 0.7929411764705883 0.012727272727272728
0 0.5429411764705883 0.8325 0.7952941176470588 0.015909090909090907
