0 0.5441176470588235 0.47 0.7988235294117647 0.015454545454545455
0 0.5461764705882353 0.485 0.7947058823529412 0.014545454545454545
0 0.5458823529411765 0.4990909090909091 0.7941176470588235 0.013636363636363636
0 0.5452941176470588 0.5143181818181818 0.7952941176470588 0.01681818181818182
0 0.5455882352941176 0.5304545454545454 0.7958823529411765 0.015454545454545455
0 0.543235294117647 0.5454545454545454 0.8005882352941176 0.014545454545454545
0 0.5417647058823529 0.5602272727272727 0.7976470588235294 0.015
0 0.5435294117647059 0.5754545454545454 0.7941176470588235 0.015454545454545455
0 0.4844117647058824 0.5909090909090909 0.6758823529411765 0.015454545454545455
0 0.5455882352941176 0.6054545454545455 0.7935294117647059 0.014545454545454545
0 0.7444117647058823 0.62 0.3947058823529412 0.015454545454545455
0 0.7444117647058823 0.6361363636363636 0.3947058823529412 0.01681818181818182
0 0.7441176470588236 0.6520454545454546 0.3952941176470588 0.015
0 0.7441176470588236 0.6668181818181819 0.3952941176470588 0.014545454545454545
0 0.7441176470588236 0.6809090909090909 0.3941176470588235 0.013636363636363636
0 0.3376470588235294 0.6206818181818182 0.3811764705882353 0.014090909090909091
0 0.3382352941176471 0.635 0.3811764705882353 0.015454545454545455
0 0.3382352941176471 0.6518181818181819 0.3811764705882353 0.01818181818181818
0 0.3388235294117647 0.6681818181818182 0.38 0.014545454545454545
0 0.3388235294117647 0.6818181818181818 0.38 0.012727272727272728
0 0.5444117647058824 0.7127272727272728 0.7958823529411765 0.012727272727272728
0 0.5444117647058824 0.725909090909091 0.7935294117647059 0.013636363636363636
0 0.5441176470588235 0.7411363636363636 0.7929411764705883 0.01681818181818182
0 0.5452941176470588 0.7568181818181818 0.7894117647058824 0.014545454545454545
0 0.5452941176470588 0.7720454545454546 0.7894117647058824 0.015909090909090907
0 0.5441176470588235 0.7877272727272727 0.7917647058823529 0.015454545454545455
0 0.5438235294117647 0.8029545454545455 0.7923529411764706 0.015
0 0.545 0.8186363636363636 0.7876470588235294 0.016363636363636365
0 0.5617647058823529 0.8361363636363637 0.7694117647058824 0.008636363636363636
