0 0.5417647058823529 0.47 0.7988235294117647 0.016363636363636365
0 0.5426470588235294 0.485 0.7970588235294118 0.013636363636363636
0 0.5429411764705883 0.5 0.7976470588235294 0.016363636363636365
0 0.543235294117647 0.5161363636363636 0.7970588235294118 0.015909090909090907
0 0.545 0.5309090909090909 0.7970588235294118 0.013636363636363636
0 0.5447058823529412 0.5463636363636364 0.7976470588235294 0.014545454545454545
0 0.545 0.5606818181818182 0.7970588235294118 0.014090909090909091
0 0.5455882352941176 0.5743181818181818 0.7958823529411765 0.013181818181818182
0 0.4844117647058824 0.5911363636363637 0.678235294117647 0.015909090909090907
0 0.5455882352941176 0.6063636363636363 0.7970588235294118 0.011818181818181818
0 0.5417647058823529 0.6211363636363636 0.7929411764705883 0.014090909090909091
0 0.3361764705882353 0.6365909090909091 0.38176470588235295 0.01681818181818182
0 0.7429411764705882 0.6368181818181818 0.3941176470588235 0.014545454545454545
0 0.7458823529411764 0.6518181818181819 0.38941176470588235 0.015454545454545455
0 0.7467647058823529 0.6670454545454545 0.3911764705882353 0.015
0 0.7414705882352941 0.6811363636363637 0.40058823529411763 0.013181818181818182
0 0.3397058823529412 0.6822727272727273 0.38294117647058823 0.014545454545454545
0 0.3391176470588235 0.6686363636363636 0.3841176470588235 0.016363636363636365
0 0.3373529411764706 0.6534090909090909 0.38294117647058823 0.014090909090909091
0 0.5441176470588235 0.7125 0.7964705882352942 0.015
0 0.5441176470588235 0.7284090909090909 0.8 0.013181818181818182
0 0.5441176470588235 0.7422727272727273 0.8 0.014545454545454545
0 0.5441176470588235 0.7575 0.8 0.015909090909090907
0 0.5435294117647059 0.7725 0.7988235294117647 0.014090909090909091
0 0.5435294117647059 0.788409090909091 0.7988235294117647 0.017727272727272727
0 0.5426470588235294 0.8054545454545454 0.7970588235294118 0.016363636363636365
0 0.5444117647058824 0.8197727272727273 0.798235294117647 0.013181818181818182
0 0.543235294117647 0.8338636363636364 0.798235294117647 0.01681818181818182
