0 0.543235294117647 0.47045454545454546 0.7958823529411765 0.015454545454545455
0 0.5441176470588235 0.4863636363636364 0.7952941176470588 0.011818181818181818
0 0.5473529411764706 0.5009090909090909 0.7958823529411765 0.014545454545454545
0 0.5467647058823529 0.5165909090909091 0.7911764705882353 0.015
0 0.5455882352941176 0.5309090909090909 0.798235294117647 0.014545454545454545
0 0.5455882352941176 0.5465909090909091 0.7935294117647059 0.014090909090909091
0 0.5452941176470588 0.5604545454545454 0.7917647058823529 0.011818181818181818
0 0.5452941176470588 0.5759090909090909 0.7929411764705883 0.016363636363636365
0 0.48558823529411765 0.5920454545454545 0.67 0.013181818181818182
0 0.5479411764705883 0.6065909090909091 0.7935294117647059 0.014090909090909091
0 0.34058823529411764 0.6227272727272727 0.37529411764705883 0.014545454545454545
0 0.7402941176470588 0.6225 0.40058823529411763 0.014090909090909091
0 0.3417647058823529 0.6379545454545454 0.37529411764705883 0.012272727272727272
0 0.741764705882353 0.6381818181818182 0.4011764705882353 0.013636363636363636
0 0.741764705882353 0.6520454545454546 0.4011764705882353 0.014090909090909091
0 0.7408823529411764 0.6677272727272727 0.40176470588235297 0.013636363636363636
0 0.7408823529411764 0.6834090909090909 0.39588235294117646 0.014090909090909091
0 0.34205882352941175 0.6529545454545455 0.37470588235294117 0.013181818181818182
0 0.3402941176470588 0.6681818181818182 0.37588235294117645 0.015454545454545455
0 0.34088235294117647 0.6822727272727273 0.37588235294117645 0.013636363636363636
0 0.5429411764705883 0.7140909090909091 0.7941176470588235 0.013636363636363636
0 0.5452941176470588 0.7302272727272727 0.7988235294117647 0.012272727272727272
0 0.5458823529411765 0.7452272727272727 0.7941176470588235 0.013181818181818182
0 0.5452941176470588 0.7584090909090909 0.7917647058823529 0.013181818181818182
0 0.5438235294117647 0.7731818181818182 0.7970588235294118 0.014545454545454545
0 0.5438235294117647 0.7895454545454546 0.7970588235294118 0.012727272727272728
0 0.5441176470588235 0.8029545454545455 0.7988235294117647 0.013181818181818182
0 0.5429411764705883 0.8188636363636363 0.7964705882352942 0.015
0 0.5435294117647059 0.8347727272727272 0.7988235294117647 0.013181818181818182
