0 0.5470588235294118 0.4690909090909091 0.7941176470588235 0.012727272727272728
0 0.5479411764705883 0.4843181818181818 0.7947058823529412 0.015909090909090907
0 0.5470588235294118 0.49954545454545457 0.7964705882352942 0.014545454545454545
0 0.5464705882352942 0.515 0.7952941176470588 0.016363636363636365
0 0.5464705882352942 0.5309090909090909 0.7929411764705883 0.014545454545454545
0 0.5467647058823529 0.5454545454545454 0.7935294117647059 0.014545454545454545
0 0.5476470588235294 0.5609090909090909 0.788235294117647 0.016363636363636365
0 0.5541176470588235 0.5770454545454545 0.8011764705882353 0.015909090909090907
0 0.5502941176470588 0.5920454545454545 0.8088235294117647 0.014090909090909091
0 0.5458823529411765 0.6065909090909091 0.8 0.015
0 0.33676470588235297 0.6204545454545455 0.3864705882352941 0.015454545454545455
0 0.33941176470588236 0.6361363636363636 0.3811764705882353 0.015909090909090907
0 0.3397058823529412 0.6515909090909091 0.38176470588235295 0.015
0 0.3402941176470588 0.6665909090909091 0.38058823529411767 0.015
0 0.40294117647058825 0.6793181818181818 0.2529411764705882 0.015909090909090907
0 0.7429411764705882 0.6225 0.4023529411764706 0.013181818181818182
0 0.7426470588235294 0.6368181818181818 0.40294117647058825 0.015454545454545455
0 0.7423529411764705 0.6518181818181819 0.4023529411764706 0.014545454545454545
0 0.7429411764705882 0.6668181818181819 0.4011764705882353 0.015454545454545455
0 0.7438235294117647 0.6811363636363637 0.40294117647058825 0.013181818181818182
0 0.5464705882352942 0.7120454545454545 0.7976470588235294 0.014090909090909091
0 0.5452941176470588 0.7272727272727273 0.8 0.016363636363636365
0 0.5447058823529412 0.7429545454545454 0.7988235294117647 0.015
0 0.545 0.7577272727272727 0.798235294117647 0.014545454545454545
0 0.5441176470588235 0.7722727272727272 0.7964705882352942 0.014545454545454545
0 0.5444117647058824 0.7875 0.7994117647058824 0.015
0 0.545 0.8027272727272727 0.8005882352941176 0.015454545454545455
0 0.545 0.8181818181818182 0.7994117647058824 0.015454545454545455
0 0.5435294117647059 0.8336363636363636 0.7964705882352942 0.015454545454545455
