0 0.5435294117647059 0.47 0.7917647058823529 0.014545454545454545
0 0.5435294117647059 0.485 0.7941176470588235 0.016363636363636365
0 0.548235294117647 0.5011363636363636 0.7917647058823529 0.009545454545454546
0 0.5491176470588235 0.5136363636363637 0.79 0.015454545454545455
0 0.5488235294117647 0.5293181818181818 0.788235294117647 0.015909090909090907
0 0.548235294117647 0.5447727272727273 0.788235294117647 0.015909090909090907
0 0.5491176470588235 0.5606818181818182 0.7841176470588235 0.012272727272727272
0 0.5488235294117647 0.5754545454545454 0.7835294117647059 0.012727272727272728
0 0.4908823529411765 0.5902272727272727 0.6676470588235294 0.014090909090909091
0 0.5470588235294118 0.6047727272727272 0.78 0.013181818181818182
0 0.34411764705882353 0.62 0.3729411764705882 0.014545454545454545
0 0.34147058823529414 0.6354545454545455 0.37823529411764706 0.015454545454545455
0 0.3411764705882353 0.6525 0.3788235294117647 0.014090909090909091
0 0.34147058823529414 0.6679545454545455 0.37823529411764706 0.014090909090909091
0 0.3417647058823529 0.6836363636363636 0.37529411764705883 0.013636363636363636
0 0.736764705882353 0.6822727272727273 0.4147058823529412 0.016363636363636365
0 0.7394117647058823 0.6220454545454546 0.4023529411764706 0.015909090909090907
0 0.7405882352941177 0.6372727272727273 0.40588235294117647 0.012727272727272728
0 0.7414705882352941 0.6522727272727272 0.40294117647058825 0.014545454545454545
0 0.7405882352941177 0.6670454545454545 0.4023529411764706 0.012272727272727272
0 0.5438235294117647 0.7122727272727273 0.7947058823529412 0.012727272727272728
0 0.5417647058823529 0.7256818181818182 0.7952941176470588 0.013181818181818182
0 0.5435294117647059 0.7415909090909091 0.7941176470588235 0.017727272727272727
0 0.5444117647058824 0.7584090909090909 0.7970588235294118 0.013181818181818182
0 0.5429411764705883 0.7729545454545454 0.7952941176470588 0.013181818181818182
0 0.543235294117647 0.7879545454545455 0.7958823529411765 0.012272727272727272
0 0.5458823529411765 0.8027272727272727 0.7976470588235294 0.014545454545454545
0 0.5452941176470588 0.8190909090909091 0.7941176470588235 0.013636363636363636
0 0.545 0.8336363636363636 0.7947058823529412 0.012727272727272728
