0 0.5464912280701755 0.4703389830508475 0.7947368421052632 0.013317191283292978
0 0.5429824561403509 0.48426150121065376 0.8017543859649123 0.014527845036319613
0 0.543859649122807 0.4993946731234867 0.8035087719298246 0.015738498789346248
0 0.5447368421052632 0.5151331719128329 0.8017543859649123 0.015738498789346248
0 0.543859649122807 0.5296610169491526 0.8 0.013317191283292978
0 0.5403508771929825 0.5429782082324455 0.8105263157894737 0.013317191283292978
0 0.5421052631578948 0.559322033898305 0.8140350877192982 0.01937046004842615
0 0.5429824561403509 0.5756658595641646 0.8122807017543859 0.013317191283292978
0 0.4780701754385965 0.5907990314769975 0.6824561403508772 0.01694915254237288
0 0.5456140350877193 0.6053268765133172 0.8 0.014527845036319613
0 0.7447368421052631 0.6210653753026635 0.4017543859649123 0.01694915254237288
0 0.7456140350877193 0.6361985472154964 0.40350877192982454 0.013317191283292978
0 0.7447368421052631 0.6501210653753027 0.4052631578947368 0.014527845036319613
0 0.7447368421052631 0.6646489104116223 0.4052631578947368 0.014527845036319613
0 0.7447368421052631 0.6791767554479419 0.4052631578947368 0.014527845036319613
0 0.3368421052631579 0.6210653753026635 0.3824561403508772 0.014527845036319613
0 0.3368421052631579 0.635593220338983 0.3824561403508772 0.014527845036319613
0 0.3368421052631579 0.6501210653753027 0.3824561403508772 0.014527845036319613
0 0.33596491228070174 0.6646489104116223 0.38070175438596493 0.014527845036319613
0 0.33771929824561403 0.6797820823244553 0.38421052631578945 0.015738498789346248
0 0.5447368421052632 0.7106537530266344 0.7982456140350878 0.01694915254237288
0 0.5429824561403509 0.7263922518159807 0.8017543859649123 0.014527845036319613
0 0.5429824561403509 0.7433414043583535 0.7947368421052632 0.014527845036319613
0 0.5429824561403509 0.7584745762711864 0.7947368421052632 0.015738498789346248
0 0.5429824561403509 0.7723970944309927 0.7947368421052632 0.012106537530266344
0 0.5394736842105263 0.7863196125907991 0.7982456140350878 0.015738498789346248
0 0.5412280701754386 0.8026634382566586 0.8017543859649123 0.01694915254237288
0 0.5403508771929825 0.8184019370460048 0.8035087719298246 0.014527845036319613
0 0.5403508771929825 0.8329297820823245 0.8035087719298246 0.014527845036319613
