0 0.5470588235294118 0.4693181818181818 0.7952941176470588 0.015
0 0.5476470588235294 0.4843181818181818 0.7976470588235294 0.015
0 0.5479411764705883 0.49886363636363634 0.8005882352941176 0.015
0 0.5455882352941176 0.5145454545454545 0.8017647058823529 0.014545454545454545
0 0.5447058823529412 0.5293181818181818 0.7988235294117647 0.015909090909090907
0 0.545 0.5445454545454546 0.798235294117647 0.016363636363636365
0 0.5479411764705883 0.5602272727272727 0.7994117647058824 0.014090909090909091
0 0.5461764705882353 0.5747727272727273 0.8017647058823529 0.01681818181818182
0 0.4838235294117647 0.5920454545454545 0.6805882352941176 0.019545454545454546
0 0.5441176470588235 0.605909090909091 0.7988235294117647 0.012727272727272728
0 0.33647058823529413 0.6213636363636363 0.3835294117647059 0.014545454545454545
0 0.7426470588235294 0.6213636363636363 0.4076470588235294 0.014545454545454545
0 0.33941176470588236 0.6359090909090909 0.37529411764705883 0.016363636363636365
0 0.33794117647058824 0.6502272727272728 0.3735294117647059 0.015909090909090907
0 0.33794117647058824 0.6681818181818182 0.37941176470588234 0.014545454545454545
0 0.3382352941176471 0.6820454545454545 0.38235294117647056 0.01681818181818182
0 0.7438235294117647 0.635 0.4052941176470588 0.014545454545454545
0 0.7441176470588236 0.6495454545454545 0.4011764705882353 0.011818181818181818
0 0.7420588235294118 0.6638636363636363 0.40176470588235297 0.019545454545454546
0 0.7414705882352941 0.6811363636363637 0.40294117647058825 0.015
0 0.5417647058823529 0.7134090909090909 0.7964705882352942 0.01681818181818182
0 0.5408823529411765 0.7279545454545454 0.8017647058823529 0.014090909090909091
0 0.5429411764705883 0.7431818181818182 0.8 0.012727272727272728
0 0.5417647058823529 0.7559090909090909 0.8011764705882353 0.013636363636363636
0 0.5391176470588235 0.7709090909090909 0.7923529411764706 0.013636363636363636
0 0.543235294117647 0.7856818181818181 0.8017647058823529 0.015
0 0.5394117647058824 0.8022727272727272 0.7988235294117647 0.014545454545454545
0 0.5438235294117647 0.8179545454545455 0.8029411764705883 0.018636363636363635
0 0.5464705882352942 0.8334090909090909 0.8035294117647059 0.013181818181818182
