0 0.548235294117647 0.4693181818181818 0.7952941176470588 0.01681818181818182
0 0.5558823529411765 0.48704545454545456 0.7764705882352941 0.007727272727272728
0 0.5461764705882353 0.49954545454545457 0.7947058823529412 0.017272727272727273
0 0.5464705882352942 0.5161363636363636 0.7941176470588235 0.012272727272727272
0 0.5476470588235294 0.5304545454545454 0.7952941176470588 0.015454545454545455
0 0.5479411764705883 0.5445454545454546 0.7935294117647059 0.014545454545454545
0 0.548235294117647 0.5604545454545454 0.7941176470588235 0.014545454545454545
0 0.5494117647058824 0.5747727272727273 0.7929411764705883 0.010454545454545454
0 0.4902941176470588 0.5888636363636364 0.67 0.017727272727272727
0 0.5491176470588235 0.6065909090909091 0.7876470588235294 0.012272727272727272
0 0.3426470588235294 0.6218181818181818 0.37470588235294117 0.017272727272727273
0 0.7426470588235294 0.6218181818181818 0.39588235294117646 0.016363636363636365
0 0.3423529411764706 0.6384090909090909 0.37411764705882355 0.012272727272727272
0 0.34205882352941175 0.6522727272727272 0.37470588235294117 0.014545454545454545
0 0.3432352941176471 0.6663636363636364 0.3735294117647059 0.013636363636363636
0 0.3411764705882353 0.6815909090909091 0.3764705882352941 0.012272727272727272
0 0.7429411764705882 0.6377272727272727 0.39294117647058824 0.01
0 0.7435294117647059 0.6509090909090909 0.3941176470588235 0.017272727272727273
0 0.7435294117647059 0.6661363636363636 0.3941176470588235 0.014090909090909091
0 0.7444117647058823 0.6813636363636364 0.3947058823529412 0.015454545454545455
0 0.48676470588235293 0.6968181818181818 0.6711764705882353 0.017272727272727273
0 0.5302941176470588 0.7145454545454546 0.7594117647058823 0.02
0 0.5464705882352942 0.7290909090909091 0.7905882352941176 0.013636363636363636
0 0.5447058823529412 0.7431818181818182 0.7905882352941176 0.011818181818181818
0 0.5314705882352941 0.7604545454545455 0.7711764705882352 0.019090909090909092
0 0.5414705882352941 0.7731818181818182 0.8029411764705883 0.016363636363636365
0 0.5461764705882353 0.7877272727272727 0.8005882352941176 0.015454545454545455
0 0.5479411764705883 0.8040909090909091 0.8076470588235294 0.013636363636363636
0 0.5576470588235294 0.8213636363636364 0.7788235294117647 0.011818181818181818
0 0.5435294117647059 0.8334090909090909 0.808235294117647 0.014090909090909091
