0 0.5468227424749164 0.46786155747836833 0.7959866220735786 0.016069221260815822
0 0.5476588628762542 0.4826946847960445 0.794314381270903 0.013597033374536464
0 0.5459866220735786 0.49752781211372066 0.7909698996655519 0.016069221260815822
0 0.5451505016722408 0.5129789864029666 0.7926421404682275 0.014833127317676144
0 0.5468227424749164 0.5290482076637825 0.7959866220735786 0.014833127317676144
0 0.5484949832775919 0.5451174289245982 0.7926421404682275 0.0173053152039555
0 0.5484949832775919 0.5605686032138443 0.7926421404682275 0.013597033374536464
0 0.5451505016722408 0.5741656365883807 0.7993311036789298 0.016069221260815822
0 0.48494983277591974 0.5902348578491965 0.6789297658862876 0.016069221260815822
0 0.5426421404682275 0.6050679851668727 0.8010033444816054 0.013597033374536464
0 0.33612040133779264 0.6199011124845488 0.391304347826087 0.016069221260815822
0 0.33695652173913043 0.6365883807169345 0.3896321070234114 0.0173053152039555
0 0.33695652173913043 0.6526576019777504 0.3896321070234114 0.014833127317676144
0 0.3377926421404682 0.6674907292954264 0.3879598662207358 0.014833127317676144
0 0.33695652173913043 0.681087762669963 0.3862876254180602 0.012360939431396786
0 0.7391304347826086 0.6211372064276885 0.40468227424749165 0.016069221260815822
0 0.7408026755852842 0.6390605686032138 0.4080267558528428 0.014833127317676144
0 0.7399665551839465 0.6545117428924598 0.40635451505016723 0.016069221260815822
0 0.7408026755852842 0.6699629171817059 0.40468227424749165 0.014833127317676144
0 0.7382943143812709 0.6835599505562423 0.4096989966555184 0.012360939431396786
0 0.5434782608695652 0.7107540173053152 0.802675585284281 0.0173053152039555
0 0.544314381270903 0.7274412855377008 0.8010033444816054 0.016069221260815822
0 0.544314381270903 0.7428924598269468 0.8010033444816054 0.014833127317676144
0 0.544314381270903 0.7583436341161929 0.7976588628762542 0.016069221260815822
0 0.544314381270903 0.7725587144622992 0.7976588628762542 0.012360939431396786
0 0.544314381270903 0.7867737948084055 0.7976588628762542 0.016069221260815822
0 0.544314381270903 0.8028430160692213 0.7976588628762542 0.016069221260815822
0 0.544314381270903 0.8195302843016069 0.7976588628762542 0.0173053152039555
0 0.544314381270903 0.8337453646477132 0.7976588628762542 0.011124845488257108
