0 0.5420588235294118 0.47204545454545455 0.7888235294117647 0.011363636363636364
0 0.5417647058823529 0.4847727272727273 0.7894117647058824 0.014090909090909091
0 0.5417647058823529 0.5002272727272727 0.7894117647058824 0.01681818181818182
0 0.5411764705882353 0.5159090909090909 0.7905882352941176 0.014545454545454545
0 0.5444117647058824 0.5302272727272728 0.7970588235294118 0.014090909090909091
0 0.5441176470588235 0.5454545454545454 0.7976470588235294 0.016363636363636365
0 0.5429411764705883 0.5615909090909091 0.7952941176470588 0.015909090909090907
0 0.5435294117647059 0.576590909090909 0.7929411764705883 0.014090909090909091
0 0.4852941176470588 0.5925 0.6764705882352942 0.017727272727272727
0 0.8814705882352941 0.600909090909091 0.11588235294117646 0.0009090909090909091
0 0.5423529411764706 0.6070454545454546 0.7941176470588235 0.013181818181818182
0 0.33676470588235297 0.6204545454545455 0.38294117647058823 0.013636363636363636
0 0.3382352941176471 0.6365909090909091 0.38235294117647056 0.017727272727272727
0 0.3391176470588235 0.6534090909090909 0.37941176470588234 0.012272727272727272
0 0.33941176470588236 0.6681818181818182 0.3764705882352941 0.01090909090909091
0 0.34088235294117647 0.6829545454545455 0.37588235294117645 0.013181818181818182
0 0.7435294117647059 0.6218181818181818 0.39294117647058824 0.013636363636363636
0 0.7444117647058823 0.6386363636363637 0.3911764705882353 0.014545454545454545
0 0.7467647058823529 0.6529545454545455 0.39235294117647057 0.012272727272727272
0 0.7447058823529412 0.6672727272727272 0.3941176470588235 0.013636363636363636
0 0.7444117647058823 0.6822727272727273 0.39235294117647057 0.014545454545454545
0 0.545 0.7127272727272728 0.7935294117647059 0.011818181818181818
0 0.5467647058823529 0.7288636363636364 0.7923529411764706 0.012272727272727272
0 0.5458823529411765 0.7427272727272727 0.7917647058823529 0.014545454545454545
0 0.5444117647058824 0.7575 0.7958823529411765 0.014090909090909091
0 0.5455882352941176 0.7725 0.7970588235294118 0.013181818181818182
0 0.5455882352941176 0.7875 0.7970588235294118 0.015
0 0.5461764705882353 0.8043181818181818 0.7958823529411765 0.015
0 0.5464705882352942 0.8186363636363636 0.7952941176470588 0.011818181818181818
0 0.5458823529411765 0.8329545454545455 0.7917647058823529 0.015
