0 0.5476470588235294 0.4693181818181818 0.8047058823529412 0.015909090909090907
0 0.5473529411764706 0.4875 0.8029411764705883 0.015909090909090907
0 0.5464705882352942 0.5027272727272727 0.8023529411764706 0.015454545454545455
0 0.5479411764705883 0.5163636363636364 0.8041176470588235 0.014545454545454545
0 0.5473529411764706 0.5313636363636364 0.8029411764705883 0.016363636363636365
0 0.5479411764705883 0.5477272727272727 0.8052941176470588 0.011818181818181818
0 0.5473529411764706 0.5615909090909091 0.8005882352941176 0.013181818181818182
0 0.5488235294117647 0.5756818181818182 0.8035294117647059 0.015909090909090907
0 0.48764705882352943 0.5906818181818182 0.6776470588235294 0.013181818181818182
0 0.5494117647058824 0.6061363636363636 0.7952941176470588 0.014090909090909091
0 0.3417647058823529 0.6227272727272727 0.3788235294117647 0.014545454545454545
0 0.7452941176470588 0.6222727272727273 0.3988235294117647 0.014545454545454545
0 0.7452941176470588 0.6381818181818182 0.3941176470588235 0.01090909090909091
0 0.34147058823529414 0.6372727272727273 0.37941176470588234 0.012727272727272728
0 0.34088235294117647 0.6518181818181819 0.37941176470588234 0.014545454545454545
0 0.3426470588235294 0.6675 0.37823529411764706 0.012272727272727272
0 0.3417647058823529 0.6829545454545455 0.3776470588235294 0.011363636363636364
0 0.7438235294117647 0.6506818181818181 0.39941176470588236 0.012272727272727272
0 0.7452941176470588 0.6672727272727272 0.4011764705882353 0.013636363636363636
0 0.7426470588235294 0.6822727272727273 0.40176470588235297 0.016363636363636365
0 0.5444117647058824 0.7129545454545455 0.7947058823529412 0.012272727272727272
0 0.5458823529411765 0.7277272727272728 0.7952941176470588 0.011818181818181818
0 0.5441176470588235 0.7438636363636364 0.7905882352941176 0.014090909090909091
0 0.5452941176470588 0.7588636363636364 0.7952941176470588 0.011363636363636364
0 0.5441176470588235 0.7734090909090909 0.7964705882352942 0.011363636363636364
0 0.5435294117647059 0.7886363636363637 0.7917647058823529 0.011818181818181818
0 0.5423529411764706 0.805 0.7964705882352942 0.011818181818181818
0 0.5435294117647059 0.8186363636363636 0.7941176470588235 0.014545454545454545
0 0.545 0.835 0.7947058823529412 0.013636363636363636
