0 0.545 0.4697727272727273 0.79 0.015
0 0.5447058823529412 0.4838636363636364 0.7905882352941176 0.013181818181818182
0 0.5435294117647059 0.49886363636363634 0.7894117647058824 0.01681818181818182
0 0.5435294117647059 0.5145454545454545 0.788235294117647 0.013636363636363636
0 0.5452941176470588 0.5293181818181818 0.7917647058823529 0.015909090909090907
0 0.5447058823529412 0.5445454545454546 0.7929411764705883 0.014545454545454545
0 0.5485294117647059 0.5602272727272727 0.8005882352941176 0.01681818181818182
0 0.5491176470588235 0.5759090909090909 0.7994117647058824 0.015454545454545455
0 0.485 0.5922727272727273 0.6711764705882353 0.012727272727272728
0 0.5485294117647059 0.6056818181818182 0.8005882352941176 0.012272727272727272
0 0.33852941176470586 0.6195454545454545 0.3841176470588235 0.017272727272727273
0 0.3388235294117647 0.6359090909090909 0.3847058823529412 0.013636363636363636
0 0.3376470588235294 0.6509090909090909 0.38235294117647056 0.016363636363636365
0 0.3376470588235294 0.6670454545454545 0.38235294117647056 0.015909090909090907
0 0.3376470588235294 0.6818181818181818 0.38235294117647056 0.013636363636363636
0 0.7461764705882353 0.6209090909090909 0.40294117647058825 0.017272727272727273
0 0.7470588235294118 0.6379545454545454 0.4011764705882353 0.01681818181818182
0 0.7458823529411764 0.6522727272727272 0.3988235294117647 0.011818181818181818
0 0.7458823529411764 0.6663636363636364 0.3976470588235294 0.016363636363636365
0 0.7479411764705882 0.6809090909090909 0.40176470588235297 0.012727272727272728
0 0.5447058823529412 0.7125 0.7988235294117647 0.013181818181818182
0 0.5461764705882353 0.7270454545454546 0.8005882352941176 0.013181818181818182
0 0.5461764705882353 0.7411363636363636 0.8005882352941176 0.015
0 0.545 0.7568181818181818 0.798235294117647 0.016363636363636365
0 0.5435294117647059 0.7729545454545454 0.8 0.015909090909090907
0 0.5461764705882353 0.788409090909091 0.8052941176470588 0.015
0 0.5470588235294118 0.8036363636363636 0.8023529411764706 0.015454545454545455
0 0.5461764705882353 0.8181818181818182 0.8005882352941176 0.013636363636363636
0 0.5470588235294118 0.8325 0.7964705882352942 0.015
