0 0.545 0.4713636363636364 0.7852941176470588 0.017272727272727273
0 0.5438235294117647 0.48613636363636364 0.7947058823529412 0.015
0 0.5438235294117647 0.5 0.7947058823529412 0.012727272727272728
0 0.5423529411764706 0.515 0.7976470588235294 0.017272727272727273
0 0.543235294117647 0.5295454545454545 0.7994117647058824 0.011818181818181818
0 0.5467647058823529 0.5438636363636363 0.7923529411764706 0.01681818181818182
0 0.5464705882352942 0.5595454545454546 0.7917647058823529 0.014545454545454545
0 0.5341176470588235 0.5775 0.7776470588235294 0.008636363636363636
0 0.4852941176470588 0.59 0.68 0.016363636363636365
0 0.5491176470588235 0.6061363636363636 0.7852941176470588 0.015
0 0.7429411764705882 0.6202272727272727 0.3952941176470588 0.013181818181818182
0 0.7426470588235294 0.6356818181818182 0.3947058823529412 0.017727272727272727
0 0.701764705882353 0.6534090909090909 0.31058823529411766 0.019545454545454546
0 0.7670588235294118 0.6702272727272728 0.3447058823529412 0.013181818181818182
0 0.7394117647058823 0.6797727272727273 0.3941176470588235 0.015909090909090907
0 0.33588235294117647 0.6209090909090909 0.38235294117647056 0.014545454545454545
0 0.33676470588235297 0.6363636363636364 0.38058823529411767 0.014545454545454545
0 0.34 0.6520454545454546 0.37411764705882355 0.01681818181818182
0 0.3402941176470588 0.668409090909091 0.37470588235294117 0.015909090909090907
0 0.3411764705882353 0.6838636363636363 0.3729411764705882 0.015
0 0.5476470588235294 0.7113636363636363 0.788235294117647 0.013636363636363636
0 0.545 0.7256818181818182 0.7935294117647059 0.015909090909090907
0 0.5447058823529412 0.7418181818181818 0.7929411764705883 0.016363636363636365
0 0.5417647058823529 0.7572727272727273 0.7988235294117647 0.014545454545454545
0 0.5423529411764706 0.7718181818181818 0.8 0.014545454545454545
0 0.5429411764705883 0.7875 0.7988235294117647 0.01681818181818182
0 0.5423529411764706 0.8031818181818182 0.7976470588235294 0.014545454545454545
0 0.5423529411764706 0.8179545454545455 0.7964705882352942 0.015
0 0.5423529411764706 0.831590909090909 0.7964705882352942 0.012272727272727272
