0 0.5464705882352942 0.4693181818181818 0.7917647058823529 0.013181818181818182
0 0.5452941176470588 0.48363636363636364 0.7870588235294118 0.014545454545454545
0 0.5473529411764706 0.49886363636363634 0.7911764705882353 0.015909090909090907
0 0.5461764705882353 0.5143181818181818 0.7935294117647059 0.015
0 0.5455882352941176 0.5297727272727273 0.7923529411764706 0.015909090909090907
0 0.5335294117647059 0.5468181818181819 0.7505882352941177 0.013636363636363636
0 0.5497058823529412 0.5613636363636364 0.7829411764705883 0.015454545454545455
0 0.5497058823529412 0.5761363636363637 0.7829411764705883 0.014090909090909091
0 0.4908823529411765 0.5909090909090909 0.6652941176470588 0.015454545454545455
0 0.5502941176470588 0.6061363636363636 0.7852941176470588 0.014090909090909091
0 0.7426470588235294 0.6206818181818182 0.40058823529411763 0.015
0 0.7420588235294118 0.6356818181818182 0.39941176470588236 0.015
0 0.7408823529411764 0.6511363636363636 0.40176470588235297 0.015909090909090907
0 0.7405882352941177 0.6672727272727272 0.4011764705882353 0.016363636363636365
0 0.7408823529411764 0.6818181818181818 0.40058823529411763 0.013636363636363636
0 0.3397058823529412 0.6204545454545455 0.38058823529411767 0.013636363636363636
0 0.33852941176470586 0.6352272727272728 0.38294117647058823 0.015909090909090907
0 0.3376470588235294 0.6513636363636364 0.3811764705882353 0.016363636363636365
0 0.3391176470588235 0.6668181818181819 0.37823529411764706 0.014545454545454545
0 0.3397058823529412 0.6815909090909091 0.3770588235294118 0.014090909090909091
0 0.5458823529411765 0.7122727272727273 0.7952941176470588 0.013636363636363636
0 0.5397058823529411 0.7272727272727273 0.7829411764705883 0.014545454545454545
0 0.5438235294117647 0.7418181818181818 0.7911764705882353 0.014545454545454545
0 0.5447058823529412 0.7561363636363636 0.7894117647058824 0.014090909090909091
0 0.5470588235294118 0.7715909090909091 0.7941176470588235 0.01681818181818182
0 0.5452941176470588 0.7865909090909091 0.7976470588235294 0.015
0 0.5435294117647059 0.8022727272727272 0.7941176470588235 0.016363636363636365
0 0.4711764705882353 0.8188636363636363 0.6411764705882353 0.01681818181818182
0 0.5467647058823529 0.8334090909090909 0.7935294117647059 0.013181818181818182
