0 0.5438235294117647 0.4709090909090909 0.7947058823529412 0.015454545454545455
0 0.5435294117647059 0.48522727272727273 0.7952941176470588 0.013181818181818182
0 0.5435294117647059 0.4993181818181818 0.7952941176470588 0.015
0 0.5423529411764706 0.5147727272727273 0.7905882352941176 0.015
0 0.5447058823529412 0.5318181818181819 0.7952941176470588 0.01818181818181818
0 0.5458823529411765 0.5470454545454545 0.7929411764705883 0.012272727272727272
0 0.5464705882352942 0.56 0.7941176470588235 0.013636363636363636
0 0.5461764705882353 0.575 0.7935294117647059 0.016363636363636365
0 0.4861764705882353 0.5904545454545455 0.6735294117647059 0.014545454545454545
0 0.48676470588235293 0.605 0.6723529411764706 0.014545454545454545
0 0.5447058823529412 0.6209090909090909 0.7894117647058824 0.014545454545454545
0 0.33941176470588236 0.7536363636363637 0.001176470588235294 0.24
0 0.3382352941176471 0.6368181818181818 0.3811764705882353 0.017272727272727273
0 0.7411764705882353 0.6368181818181818 0.3988235294117647 0.015454545454545455
0 0.33647058823529413 0.6520454545454546 0.38235294117647056 0.012272727272727272
0 0.335 0.6670454545454545 0.38176470588235295 0.012272727272727272
0 0.33794117647058824 0.6806818181818182 0.37941176470588234 0.015909090909090907
0 0.7402941176470588 0.6520454545454546 0.39588235294117646 0.015
0 0.7426470588235294 0.6677272727272727 0.3982352941176471 0.016363636363636365
0 0.7397058823529412 0.6809090909090909 0.4052941176470588 0.012727272727272728
0 0.5411764705882353 0.7113636363636363 0.7976470588235294 0.011818181818181818
0 0.5455882352941176 0.7275 0.7888235294117647 0.015
0 0.5426470588235294 0.7413636363636363 0.7994117647058824 0.011818181818181818
0 0.5405882352941176 0.7554545454545455 0.8011764705882353 0.015454545454545455
0 0.5423529411764706 0.7713636363636364 0.7964705882352942 0.014545454545454545
0 0.5397058823529411 0.7879545454545455 0.8005882352941176 0.01681818181818182
0 0.5411764705882353 0.8038636363636363 0.8023529411764706 0.015909090909090907
0 0.5438235294117647 0.8195454545454546 0.7994117647058824 0.012727272727272728
0 0.5379411764705883 0.8329545454545455 0.8041176470588235 0.013181818181818182
