0 0.5464705882352942 0.47 0.7894117647058824 0.014545454545454545
0 0.5476470588235294 0.4843181818181818 0.7870588235294118 0.014090909090909091
0 0.5473529411764706 0.49886363636363634 0.7864705882352941 0.015
0 0.5476470588235294 0.5156818181818181 0.7858823529411765 0.018636363636363635
0 0.5473529411764706 0.5311363636363636 0.7852941176470588 0.012272727272727272
0 0.5470588235294118 0.545 0.7858823529411765 0.015454545454545455
0 0.5467647058823529 0.56 0.7852941176470588 0.014545454545454545
0 0.5464705882352942 0.5754545454545454 0.7858823529411765 0.016363636363636365
0 0.48764705882352943 0.5913636363636363 0.668235294117647 0.015454545454545455
0 0.5476470588235294 0.6065909090909091 0.7870588235294118 0.012272727272727272
0 0.34058823529411764 0.6206818181818182 0.3776470588235294 0.014090909090909091
0 0.3411764705882353 0.6363636363636364 0.3764705882352941 0.017272727272727273
0 0.34058823529411764 0.6506818181818181 0.37529411764705883 0.011363636363636364
0 0.34058823529411764 0.6654545454545454 0.37529411764705883 0.01818181818181818
0 0.3411764705882353 0.6806818181818182 0.3764705882352941 0.013181818181818182
0 0.7405882352941177 0.6209090909090909 0.3988235294117647 0.014545454545454545
0 0.7405882352941177 0.6365909090909091 0.3988235294117647 0.01681818181818182
0 0.7411764705882353 0.6518181818181819 0.3988235294117647 0.013636363636363636
0 0.7414705882352941 0.6661363636363636 0.3982352941176471 0.014090909090909091
0 0.7423529411764705 0.6815909090909091 0.4 0.01681818181818182
0 0.5473529411764706 0.7129545454545455 0.7911764705882353 0.013181818181818182
0 0.5488235294117647 0.7284090909090909 0.7905882352941176 0.014090909090909091
0 0.5488235294117647 0.7420454545454546 0.7894117647058824 0.012272727272727272
0 0.5461764705882353 0.7561363636363636 0.7947058823529412 0.015909090909090907
0 0.585 0.7729545454545454 0.7088235294117647 0.017727272727272727
0 0.543235294117647 0.788409090909091 0.7958823529411765 0.015909090909090907
0 0.5429411764705883 0.8027272727272727 0.7952941176470588 0.012727272727272728
0 0.5473529411764706 0.8184090909090909 0.7876470588235294 0.01681818181818182
0 0.5479411764705883 0.8327272727272728 0.79 0.013636363636363636
