0 0.5470588235294118 0.4693181818181818 0.7905882352941176 0.01681818181818182
0 0.5467647058823529 0.48522727272727273 0.79 0.015
0 0.5470588235294118 0.5 0.7905882352941176 0.014545454545454545
0 0.5473529411764706 0.5154545454545455 0.79 0.016363636363636365
0 0.5464705882352942 0.5306818181818181 0.788235294117647 0.014090909090909091
0 0.5455882352941176 0.5445454545454546 0.7888235294117647 0.013636363636363636
0 0.5452941176470588 0.5590909090909091 0.788235294117647 0.016363636363636365
0 0.5452941176470588 0.5754545454545454 0.788235294117647 0.016363636363636365
0 0.48911764705882355 0.5911363636363637 0.6758823529411765 0.015
0 0.5435294117647059 0.605909090909091 0.788235294117647 0.013636363636363636
0 0.3376470588235294 0.6220454545454546 0.3847058823529412 0.015
0 0.33852941176470586 0.6381818181818182 0.38294117647058823 0.017272727272727273
0 0.3388235294117647 0.6529545454545455 0.3835294117647059 0.012272727272727272
0 0.33676470588235297 0.6665909090909091 0.37941176470588234 0.015
0 0.33705882352941174 0.6813636363636364 0.38 0.014545454545454545
0 0.7432352941176471 0.6215909090909091 0.39941176470588236 0.014090909090909091
0 0.7435294117647059 0.6368181818181818 0.3988235294117647 0.016363636363636365
0 0.741764705882353 0.6522727272727272 0.3952941176470588 0.014545454545454545
0 0.7355882352941177 0.6668181818181819 0.38176470588235295 0.015454545454545455
0 0.7429411764705882 0.6818181818181818 0.39647058823529413 0.014545454545454545
0 0.5455882352941176 0.7140909090909091 0.7958823529411765 0.013636363636363636
0 0.5435294117647059 0.7288636363636364 0.7941176470588235 0.015909090909090907
0 0.5441176470588235 0.7434090909090909 0.7952941176470588 0.013181818181818182
0 0.5473529411764706 0.7572727272727273 0.7888235294117647 0.014545454545454545
0 0.5476470588235294 0.7729545454545454 0.7894117647058824 0.01681818181818182
0 0.5420588235294118 0.79 0.8005882352941176 0.017272727272727273
0 0.5426470588235294 0.8045454545454546 0.8017647058823529 0.011818181818181818
0 0.5444117647058824 0.8177272727272727 0.7970588235294118 0.014545454545454545
0 0.5447058823529412 0.8322727272727273 0.7976470588235294 0.014545454545454545
