0 0.5429411764705883 0.47 0.7964705882352942 0.015454545454545455
0 0.5435294117647059 0.4847727272727273 0.7941176470588235 0.014090909090909091
0 0.543235294117647 0.5 0.7935294117647059 0.016363636363636365
0 0.5444117647058824 0.5156818181818181 0.7911764705882353 0.015
0 0.5441176470588235 0.5302272727272728 0.7905882352941176 0.014090909090909091
0 0.5435294117647059 0.5452272727272728 0.7941176470588235 0.014090909090909091
0 0.5452941176470588 0.5597727272727273 0.7976470588235294 0.015
0 0.5458823529411765 0.5756818181818182 0.7941176470588235 0.01681818181818182
0 0.48705882352941177 0.5920454545454545 0.6764705882352942 0.015909090909090907
0 0.5447058823529412 0.6065909090909091 0.7894117647058824 0.012272727272727272
0 0.34058823529411764 0.6211363636363636 0.3764705882352941 0.015
0 0.3402941176470588 0.6372727272727273 0.37588235294117645 0.017272727272727273
0 0.3397058823529412 0.6527272727272727 0.37470588235294117 0.013636363636363636
0 0.3397058823529412 0.6679545454545455 0.3735294117647059 0.013181818181818182
0 0.33852941176470586 0.6818181818181818 0.37470588235294117 0.014545454545454545
0 0.5461764705882353 0.6961363636363637 0.7911764705882353 0.013181818181818182
0 0.5464705882352942 0.7122727272727273 0.7905882352941176 0.015454545454545455
0 0.5444117647058824 0.7277272727272728 0.7935294117647059 0.015454545454545455
0 0.5444117647058824 0.7427272727272727 0.7935294117647059 0.014545454545454545
0 0.5441176470588235 0.7581818181818182 0.7929411764705883 0.016363636363636365
0 0.5429411764705883 0.7734090909090909 0.7905882352941176 0.014090909090909091
0 0.5420588235294118 0.7886363636363637 0.7923529411764706 0.016363636363636365
0 0.5452941176470588 0.8031818181818182 0.7988235294117647 0.012727272727272728
0 0.5444117647058824 0.8186363636363636 0.8005882352941176 0.01818181818181818
0 0.5447058823529412 0.8352272727272727 0.8011764705882353 0.015
0 0.5435294117647059 0.8354545454545454 0.8023529411764706 0.014545454545454545
0 0.7411764705882353 0.6225 0.3976470588235294 0.015909090909090907
0 0.7423529411764705 0.6375 0.39647058823529413 0.014090909090909091
0 0.7429411764705882 0.6515909090909091 0.3988235294117647 0.014090909090909091
0 0.7408823529411764 0.6670454545454545 0.40294117647058825 0.01681818181818182
0 0.741764705882353 0.6829545454545455 0.4047058823529412 0.015
