0 0.5455882352941176 0.47 0.7935294117647059 0.017272727272727273
0 0.5355882352941177 0.48545454545454547 0.7664705882352941 0.013636363636363636
0 0.5467647058823529 0.49954545454545457 0.7888235294117647 0.014545454545454545
0 0.5464705882352942 0.5145454545454545 0.7894117647058824 0.015454545454545455
0 0.5473529411764706 0.5293181818181818 0.7911764705882353 0.014090909090909091
0 0.5476470588235294 0.543409090909091 0.7929411764705883 0.01681818181818182
0 0.5488235294117647 0.5597727272727273 0.7905882352941176 0.015909090909090907
0 0.5485294117647059 0.5745454545454546 0.79 0.012727272727272728
0 0.4864705882352941 0.5893181818181819 0.6694117647058824 0.017727272727272727
0 0.5476470588235294 0.6070454545454546 0.7894117647058824 0.012272727272727272
0 0.34 0.6202272727272727 0.38 0.015
0 0.3382352941176471 0.6359090909090909 0.38235294117647056 0.016363636363636365
0 0.33794117647058824 0.6518181818181819 0.38176470588235295 0.015454545454545455
0 0.3388235294117647 0.6679545454545455 0.38 0.01681818181818182
0 0.3391176470588235 0.6827272727272727 0.38058823529411767 0.012727272727272728
0 0.741764705882353 0.6204545454545455 0.4011764705882353 0.015454545454545455
0 0.6705882352941176 0.6388636363636364 0.25058823529411767 0.017727272727272727
0 0.7402941176470588 0.6509090909090909 0.39705882352941174 0.01818181818181818
0 0.7441176470588236 0.668409090909091 0.39176470588235296 0.015
0 0.7523529411764706 0.6872727272727273 0.37058823529411766 0.005454545454545455
0 0.5441176470588235 0.7109090909090909 0.7858823529411765 0.012727272727272728
0 0.5426470588235294 0.7256818181818182 0.7876470588235294 0.01681818181818182
0 0.5435294117647059 0.7413636363636363 0.7894117647058824 0.014545454545454545
0 0.5414705882352941 0.7561363636363636 0.7911764705882353 0.01681818181818182
0 0.5426470588235294 0.7722727272727272 0.7888235294117647 0.015454545454545455
0 0.5435294117647059 0.7895454545454546 0.7905882352941176 0.019090909090909092
0 0.5441176470588235 0.8056818181818182 0.7894117647058824 0.013181818181818182
0 0.5485294117647059 0.8188636363636363 0.798235294117647 0.013181818181818182
0 0.5458823529411765 0.8340909090909091 0.8011764705882353 0.013636363636363636
