0 0.5452941176470588 0.4697727272727273 0.7929411764705883 0.013181818181818182
0 0.545 0.48409090909090907 0.7935294117647059 0.015454545454545455
0 0.3952941176470588 0.5009090909090909 0.49411764705882355 0.019090909090909092
0 0.5417647058823529 0.49568181818181817 0.7941176470588235 0.014090909090909091
0 0.5444117647058824 0.5134090909090909 0.7876470588235294 0.019545454545454546
0 0.5447058823529412 0.53 0.7870588235294118 0.013636363636363636
0 0.5455882352941176 0.5454545454545454 0.7888235294117647 0.017272727272727273
0 0.543235294117647 0.5606818181818182 0.7935294117647059 0.013181818181818182
0 0.5444117647058824 0.5740909090909091 0.7958823529411765 0.013636363636363636
0 0.4861764705882353 0.5922727272727273 0.6711764705882353 0.015454545454545455
0 0.5444117647058824 0.6075 0.79 0.011363636363636364
0 0.7432352941176471 0.6213636363636363 0.3911764705882353 0.016363636363636365
0 0.7423529411764705 0.6365909090909091 0.38941176470588235 0.014090909090909091
0 0.7411764705882353 0.6520454545454546 0.3905882352941176 0.01681818181818182
0 0.7432352941176471 0.6668181818181819 0.3947058823529412 0.012727272727272728
0 0.7441176470588236 0.6813636363636364 0.39176470588235296 0.016363636363636365
0 0.34058823529411764 0.6229545454545454 0.3811764705882353 0.011363636363636364
0 0.3423529411764706 0.6363636363636364 0.3776470588235294 0.015454545454545455
0 0.34058823529411764 0.6504545454545455 0.37411764705882355 0.012727272727272728
0 0.3382352941176471 0.6656818181818182 0.3788235294117647 0.017727272727272727
0 0.3423529411764706 0.6809090909090909 0.3776470588235294 0.016363636363636365
0 0.5485294117647059 0.7127272727272728 0.8029411764705883 0.016363636363636365
0 0.5485294117647059 0.7281818181818182 0.8029411764705883 0.014545454545454545
0 0.5488235294117647 0.7425 0.8035294117647059 0.014090909090909091
0 0.5488235294117647 0.7572727272727273 0.8035294117647059 0.015454545454545455
0 0.5488235294117647 0.7727272727272727 0.8035294117647059 0.015454545454545455
0 0.5467647058823529 0.7870454545454545 0.8076470588235294 0.013181818181818182
0 0.5452941176470588 0.8027272727272727 0.8047058823529412 0.01818181818181818
0 0.5476470588235294 0.8213636363636364 0.8011764705882353 0.011818181818181818
0 0.5502941176470588 0.8345454545454546 0.8064705882352942 0.014545454545454545
