0 0.5468227424749164 0.469173859432799 0.7959866220735786 0.013563501849568433
0 0.5459866220735786 0.4839704069050555 0.7976588628762542 0.016029593094944512
0 0.5459866220735786 0.499383477188656 0.7976588628762542 0.014796547472256474
0 0.5476588628762542 0.5147965474722564 0.794314381270903 0.016029593094944512
0 0.5493311036789298 0.530209617755857 0.7976588628762542 0.014796547472256474
0 0.5493311036789298 0.5437731196054254 0.7976588628762542 0.012330456226880395
0 0.5501672240802675 0.5579531442663379 0.7993311036789298 0.016029593094944512
0 0.5501672240802675 0.5739827373612824 0.7993311036789298 0.016029593094944512
0 0.48494983277591974 0.5900123304562269 0.6722408026755853 0.016029593094944512
0 0.5493311036789298 0.6072749691738595 0.794314381270903 0.013563501849568433
0 0.3403010033444816 0.6214549938347719 0.3795986622073579 0.01972872996300863
0 0.7424749163879598 0.6220715166461159 0.3979933110367893 0.016029593094944512
0 0.7416387959866221 0.6387176325524044 0.3963210702341137 0.014796547472256474
0 0.745819397993311 0.6541307028360049 0.3979933110367893 0.011097410604192354
0 0.3403010033444816 0.6374845869297164 0.38294314381270905 0.014796547472256474
0 0.3394648829431438 0.6516646115906288 0.3779264214046823 0.016029593094944512
0 0.3403010033444816 0.6664611590628853 0.38294314381270905 0.013563501849568433
0 0.7449832775919732 0.6670776818742293 0.3996655518394649 0.012330456226880395
0 0.745819397993311 0.6818742293464858 0.4013377926421405 0.014796547472256474
0 0.3411371237458194 0.6812577065351418 0.38127090301003347 0.013563501849568433
0 0.5451505016722408 0.7120838471023427 0.7959866220735786 0.013563501849568433
0 0.5459866220735786 0.7281134401972873 0.794314381270903 0.016029593094944512
0 0.544314381270903 0.7441430332922319 0.7909698996655519 0.016029593094944512
0 0.544314381270903 0.7595561035758323 0.7909698996655519 0.014796547472256474
0 0.5451505016722408 0.7737361282367448 0.7926421404682275 0.013563501849568433
0 0.5434782608695652 0.7891491985203453 0.7926421404682275 0.01726263871763255
0 0.544314381270903 0.8051787916152897 0.794314381270903 0.014796547472256474
0 0.5434782608695652 0.8193588162762022 0.7959866220735786 0.013563501849568433
0 0.5434782608695652 0.8323057953144266 0.7959866220735786 0.012330456226880395
